Radius = 2
n = 4
Polygon 1
1.04441
2
0.546262 1.92395 -1.6526 -1.12646 0.437263 -1.95161 
0.546262 1.92395 0.328459 1.97284 -1.6526 -1.12646 

Polygon 2
1.12926
2
-1.98719 -0.226003 -0.0110029 -1.99997 1.79407 -0.883909 
-1.98719 -0.226003 -1.48779 -1.33659 -0.0110029 -1.99997 

Polygon 3
1.2638
2
-1.3236 1.49936 0.292773 -1.97845 1.91093 -0.590223 
-1.3236 1.49936 -1.94402 0.469885 0.292773 -1.97845

n = 5
Polygon 1
1.1998
3
-1.96193 0.388362 0.496724 -1.93733 1.99933 -0.0516954 
-1.96193 0.388362 -1.44476 -1.38299 0.496724 -1.93733 
0.496724 -1.93733 1.92676 -0.536286 1.99933 -0.0516954 

Polygon 2
1.21281
3
0.770545 1.84561 -1.76301 0.944349 0.150217 -1.99435 
0.770545 1.84561 -0.179615 1.99192 -1.76301 0.944349 
0.770545 1.84561 0.0669052 1.99888 -0.179615 1.99192 

Polygon 3
1.23234
3
-0.814676 1.82656 -1.9145 -0.578519 1.56593 -1.24413 
-1.9145 -0.578519 0.727044 -1.86317 1.56593 -1.24413 
0.727044 -1.86317 0.835249 -1.81724 1.56593 -1.24413 

n = 6
Polygon 1
1.3539
4
1.77332 0.924844 0.755719 -1.85173 1.36823 -1.45875 
1.77332 0.924844 -1.4528 1.37455 0.755719 -1.85173 
1.77332 0.924844 1.05429 1.69955 -1.4528 1.37455 
1.05429 1.69955 -0.803976 1.83129 -1.4528 1.37455 

Polygon 2
1.10141
4
1.98297 0.260404 1.96134 0.39135 1.8097 -0.851453 
1.96134 0.39135 1.13034 1.64995 1.8097 -0.851453 
1.13034 1.64995 -0.461557 1.94601 1.8097 -0.851453 
1.13034 1.64995 0.15751 1.99379 -0.461557 1.94601 

Polygon 3
1.35136
4
0.474367 1.94293 -1.67865 -1.08725 1.4773 -1.34818 
0.474367 1.94293 -1.41614 1.41229 -1.67865 -1.08725 
0.474367 1.94293 -0.69195 1.87649 -1.41614 1.41229 
0.474367 1.94293 0.405257 1.95851 -0.69195 1.87649 

n = 7
Polygon 1
1.36276
5
1.99908 0.0605861 1.70072 -1.05241 1.99676 -0.113807 
1.99908 0.0605861 0.0715925 -1.99872 1.70072 -1.05241 
1.99908 0.0605861 -1.1413 -1.64239 0.0715925 -1.99872 
1.99908 0.0605861 -1.49385 1.32981 -1.1413 -1.64239 
1.99908 0.0605861 0.230602 1.98666 -1.49385 1.32981 

Polygon 2
1.3715
5
1.49735 1.32587 0.438456 1.95135 1.9982 -0.0847729 
0.438456 1.95135 -1.84806 0.764642 1.9982 -0.0847729 
-1.84806 0.764642 -0.668905 -1.88483 1.9982 -0.0847729 
-1.84806 0.764642 -1.97809 -0.295236 -0.668905 -1.88483 
-0.668905 -1.88483 0.817622 -1.82524 1.9982 -0.0847729 

Polygon 3
1.31672
5
1.57155 1.23703 1.41973 -1.40867 1.73477 -0.995268 
1.57155 1.23703 -0.942087 -1.76422 1.41973 -1.40867 
1.57155 1.23703 -0.926245 1.77259 -0.942087 -1.76422 
1.57155 1.23703 -0.418252 1.95578 -0.926245 1.77259 
1.57155 1.23703 1.4125 1.41592 -0.418252 1.95578 

n = 8
Polygon 1
1.32683
6
1.84999 0.759951 1.84135 -0.780654 1.90684 -0.603281 
1.84999 0.759951 -0.642147 -1.89411 1.84135 -0.780654 
1.84999 0.759951 -0.983554 1.74144 -0.642147 -1.89411 
-0.983554 1.74144 -1.85129 -0.756792 -0.642147 -1.89411 
-0.983554 1.74144 -1.52905 1.28919 -1.85129 -0.756792 
-0.983554 1.74144 -1.08086 1.68278 -1.52905 1.28919 

Polygon 2
1.33572
6
0.996064 1.73432 -1.25478 1.55741 1.90152 -0.619844 
0.996064 1.73432 0.492436 1.93843 -1.25478 1.55741 
-1.25478 1.55741 -1.32307 -1.49983 1.90152 -0.619844 
-1.25478 1.55741 -1.94807 -0.452814 -1.32307 -1.49983 
-1.32307 -1.49983 0.632516 -1.89735 1.90152 -0.619844 
0.632516 -1.89735 1.43092 -1.39731 1.90152 -0.619844 

Polygon 3
1.33815
6
0.259211 1.98313 -1.0078 -1.72752 1.97986 -0.283146 
0.259211 1.98313 -1.99966 0.0366441 -1.0078 -1.72752 
0.259211 1.98313 -1.32561 1.49759 -1.99966 0.0366441 
0.259211 1.98313 -0.448955 1.94896 -1.32561 1.49759 
-1.99966 0.0366441 -1.9238 -0.546795 -1.0078 -1.72752 
-1.9238 -0.546795 -1.4099 -1.41851 -1.0078 -1.72752

n = 9
Polygon 1
1.38716
7
0.385167 1.96256 -0.0108851 -1.99997 1.99291 -0.168307 
0.385167 1.96256 -1.92863 0.529528 -0.0108851 -1.99997 
0.385167 1.96256 -0.568586 1.91747 -1.92863 0.529528 
-1.92863 0.529528 -1.14467 -1.64004 -0.0108851 -1.99997 
-1.92863 0.529528 -1.88878 -0.657661 -1.14467 -1.64004 
-1.14467 -1.64004 -0.598301 -1.90841 -0.0108851 -1.99997 
-0.0108851 -1.99997 1.97478 -0.316634 1.99291 -0.168307 

Polygon 2
1.32232
7
1.97656 0.305326 0.896421 1.78786 1.99311 -0.165892 
0.896421 1.78786 0.42555 -1.9542 1.99311 -0.165892 
0.896421 1.78786 -1.72316 -1.01525 0.42555 -1.9542 
-1.72316 -1.01525 -0.830141 -1.81958 0.42555 -1.9542 
-0.830141 -1.81958 -0.118822 -1.99647 0.42555 -1.9542 
-0.830141 -1.81958 -0.695526 -1.87516 -0.118822 -1.99647 
-0.830141 -1.81958 -0.809035 -1.82906 -0.695526 -1.87516 

Polygon 3
1.35602
7
-0.0434219 1.99953 0.417022 -1.95604 1.97355 -0.324211 
-0.0434219 1.99953 -1.99843 0.0793132 0.417022 -1.95604 
-0.0434219 1.99953 -0.694944 1.87538 -1.99843 0.0793132 
-1.99843 0.0793132 -1.40001 -1.42827 0.417022 -1.95604 
0.417022 -1.95604 1.78333 -0.905391 1.97355 -0.324211 
0.417022 -1.95604 0.738845 -1.85852 1.78333 -0.905391 
1.78333 -0.905391 1.9331 -0.512964 1.97355 -0.324211 

n = 10
Polygon 1
1.46745
8
1.86696 0.717255 0.600563 -1.9077 1.83904 -0.786084 
1.86696 0.717255 -1.17098 1.62136 0.600563 -1.9077 
1.86696 0.717255 0.279508 1.98037 -1.17098 1.62136 
1.86696 0.717255 1.40499 1.42338 0.279508 1.98037 
0.279508 1.98037 -0.980071 1.74341 -1.17098 1.62136 
-1.17098 1.62136 -1.95566 -0.418815 0.600563 -1.9077 
-1.95566 -0.418815 -1.44427 -1.38351 0.600563 -1.9077 
-1.95566 -0.418815 -1.68207 -1.08196 -1.44427 -1.38351 

Polygon 2
1.36289
8
0.640515 1.89466 0.0869648 -1.99811 1.83898 -0.786221 
0.640515 1.89466 -1.88367 0.672163 0.0869648 -1.99811 
0.640515 1.89466 -0.373352 1.96484 -1.88367 0.672163 
0.640515 1.89466 0.436539 1.95178 -0.373352 1.96484 
-1.88367 0.672163 -1.56501 -1.24529 0.0869648 -1.99811 
-1.88367 0.672163 -1.99968 -0.0355913 -1.56501 -1.24529 
-1.99968 -0.0355913 -1.83178 -0.802847 -1.56501 -1.24529 
0.0869648 -1.99811 0.910371 -1.78079 1.83898 -0.786221 

Polygon 3
1.48116
8
1.93437 0.508128 1.79181 0.888485 1.90167 -0.619399 
1.79181 0.888485 -0.0310751 -1.99976 1.90167 -0.619399 
1.79181 0.888485 -0.75449 1.85223 -0.0310751 -1.99976 
-0.75449 1.85223 -1.97441 -0.318918 -0.0310751 -1.99976 
-1.97441 -0.318918 -1.54926 -1.26483 -0.0310751 -1.99976 
-1.97441 -0.318918 -1.90068 -0.622438 -1.54926 -1.26483 
-1.97441 -0.318918 -1.92093 -0.556815 -1.90068 -0.622438 
-0.0310751 -1.99976 0.959458 -1.75483 1.90167 -0.619399 

n = 11
Polygon 1
1.41471
9
1.95517 0.421092 1.95602 -0.417102 1.98521 -0.242814 
1.95517 0.421092 1.34374 -1.48134 1.95602 -0.417102 
1.95517 0.421092 -0.352216 -1.96874 1.34374 -1.48134 
1.95517 0.421092 -0.493235 1.93823 -0.352216 -1.96874 
-0.493235 1.93823 -1.99565 -0.131764 -0.352216 -1.96874 
-0.352216 -1.96874 0.211692 -1.98877 1.34374 -1.48134 
-0.352216 -1.96874 0.00577164 -1.99999 0.211692 -1.98877 
1.34374 -1.48134 1.59918 -1.20109 1.95602 -0.417102 
1.34374 -1.48134 1.46037 -1.36649 1.59918 -1.20109 

Polygon 2
1.44138
9
-0.0881934 1.99805 -0.947355 -1.7614 1.88047 -0.681059 
-0.0881934 1.99805 -1.86806 0.714381 -0.947355 -1.7614 
-0.0881934 1.99805 -1.25726 1.55541 -1.86806 0.714381 
-1.25726 1.55541 -1.56491 1.24542 -1.86806 0.714381 
-0.947355 -1.7614 0.856555 -1.80729 1.88047 -0.681059 
0.856555 -1.80729 1.25157 -1.55999 1.88047 -0.681059 
0.856555 -1.80729 0.912111 -1.7799 1.25157 -1.55999 
0.856555 -1.80729 0.87507 -1.7984 0.912111 -1.7799 
1.25157 -1.55999 1.78449 -0.903108 1.88047 -0.681059 

Polygon 3
1.32402
9
1.93861 0.491711 1.75087 -0.96667 1.99999 -0.0062723 
1.93861 0.491711 -0.254056 -1.9838 1.75087 -0.96667 
1.93861 0.491711 -0.630439 1.89804 -0.254056 -1.9838 
1.93861 0.491711 0.872214 1.79979 -0.630439 1.89804 
0.872214 1.79979 -0.0671156 1.99887 -0.630439 1.89804 
0.872214 1.79979 0.602607 1.90706 -0.0671156 1.99887 
0.872214 1.79979 0.658776 1.88839 0.602607 1.90706 
-0.0671156 1.99887 -0.235448 1.98609 -0.630439 1.89804 
-0.254056 -1.9838 0.531161 -1.92818 1.75087 -0.96667

n = 12
Polygon 1
1.43192
10
1.65145 1.12814 -1.42094 1.40746 0.950345 -1.75979 
1.65145 1.12814 0.78779 1.83831 -1.42094 1.40746 
1.65145 1.12814 1.14445 1.64019 0.78779 1.83831 
-1.42094 1.40746 -1.53896 -1.27734 0.950345 -1.75979 
-1.42094 1.40746 -1.9983 -0.082351 -1.53896 -1.27734 
-1.9983 -0.082351 -1.85019 -0.759469 -1.53896 -1.27734 
-1.53896 -1.27734 -0.383277 -1.96293 0.950345 -1.75979 
-1.53896 -1.27734 -0.928267 -1.77153 -0.383277 -1.96293 
-0.928267 -1.77153 -0.440988 -1.95078 -0.383277 -1.96293 
-0.440988 -1.95078 -0.398568 -1.95988 -0.383277 -1.96293 

Polygon 2
1.36892
10
0.0770172 1.99852 -1.84173 0.779758 0.998568 -1.73288 
0.0770172 1.99852 -0.915069 1.77838 -1.84173 0.779758 
0.0770172 1.99852 -0.333744 1.97196 -0.915069 1.77838 
0.0770172 1.99852 -0.132252 1.99562 -0.333744 1.97196 
-0.333744 1.97196 -0.701726 1.87285 -0.915069 1.77838 
-1.84173 0.779758 -1.01224 -1.72493 0.998568 -1.73288 
-1.01224 -1.72493 -0.0927709 -1.99785 0.998568 -1.73288 
-1.01224 -1.72493 -0.455637 -1.94741 -0.0927709 -1.99785 
-1.01224 -1.72493 -0.737508 -1.85905 -0.455637 -1.94741 
-0.0927709 -1.99785 0.940595 -1.76502 0.998568 -1.73288 

Polygon 3
1.47213
10
1.9966 0.116591 -1.26776 -1.54686 0.768717 -1.84637 
1.9966 0.116591 0.17854 1.99201 -1.26776 -1.54686 
1.9966 0.116591 1.79651 0.878951 0.17854 1.99201 
0.17854 1.99201 -1.88621 0.664989 -1.26776 -1.54686 
0.17854 1.99201 -0.873017 1.7994 -1.88621 0.664989 
-0.873017 1.7994 -1.35419 1.47179 -1.88621 0.664989 
-0.873017 1.7994 -0.88165 1.79519 -1.35419 1.47179 
-1.35419 1.47179 -1.63945 1.14551 -1.88621 0.664989 
-1.35419 1.47179 -1.41723 1.41119 -1.63945 1.14551 
-1.26776 -1.54686 -0.85449 -1.80827 0.768717 -1.84637 

n = 13
Polygon 1
1.47385
11
1.99783 0.0931962 1.9803 0.280007 1.99121 -0.187325 
1.99783 0.0931962 1.99577 0.130022 1.9803 0.280007 
1.9803 0.280007 1.7614 0.947344 1.99121 -0.187325 
1.9803 0.280007 1.76682 0.937199 1.7614 0.947344 
1.7614 0.947344 1.30188 -1.51826 1.99121 -0.187325 
1.7614 0.947344 -0.816249 -1.82585 1.30188 -1.51826 
1.7614 0.947344 -1.35098 1.47474 -0.816249 -1.82585 
-1.35098 1.47474 -1.99643 -0.119413 -0.816249 -1.82585 
-1.35098 1.47474 -1.75709 0.955325 -1.99643 -0.119413 
-1.99643 -0.119413 -1.8879 -0.66019 -0.816249 -1.82585 
-1.99643 -0.119413 -1.98512 -0.243541 -1.8879 -0.66019 

Polygon 2
1.46687
11
1.8601 0.734872 -0.167946 1.99294 1.86984 -0.709729 
1.8601 0.734872 0.915827 1.77799 -0.167946 1.99294 
1.8601 0.734872 1.77583 0.920015 0.915827 1.77799 
1.8601 0.734872 1.85519 0.747165 1.77583 0.920015 
-0.167946 1.99294 -1.9612 -0.392028 1.86984 -0.709729 
-0.167946 1.99294 -1.75309 0.962636 -1.9612 -0.392028 
-1.9612 -0.392028 -0.0339886 -1.99971 1.86984 -0.709729 
-1.9612 -0.392028 -1.09944 -1.6707 -0.0339886 -1.99971 
-1.9612 -0.392028 -1.77618 -0.919333 -1.09944 -1.6707 
-1.9612 -0.392028 -1.81811 -0.833343 -1.77618 -0.919333 
-1.77618 -0.919333 -1.50512 -1.31705 -1.09944 -1.6707 

Polygon 3
1.4006
11
0.852964 1.80899 -1.99815 0.0859239 1.55851 -1.25342 
0.852964 1.80899 -1.09796 1.67167 -1.99815 0.0859239 
-1.99815 0.0859239 -0.501046 -1.93622 1.55851 -1.25342 
-1.99815 0.0859239 -1.50501 -1.31718 -0.501046 -1.93622 
-1.99815 0.0859239 -1.86056 -0.733692 -1.50501 -1.31718 
-1.99815 0.0859239 -1.99974 -0.0322306 -1.86056 -0.733692 
-1.50501 -1.31718 -1.10527 -1.66684 -0.501046 -1.93622 
-1.50501 -1.31718 -1.13897 -1.644 -1.10527 -1.66684 
-1.10527 -1.66684 -0.639158 -1.89512 -0.501046 -1.93622 
-0.501046 -1.93622 1.19778 -1.60166 1.55851 -1.25342 
1.19778 -1.60166 1.28589 -1.53183 1.55851 -1.25342 

n = 14
Polygon 1
1.41521
12
1.45628 1.37086 0.829642 -1.81981 1.96647 -0.364697 
1.45628 1.37086 -1.57293 1.23527 0.829642 -1.81981 
1.45628 1.37086 -0.181602 1.99174 -1.57293 1.23527 
1.45628 1.37086 1.02499 1.71738 -0.181602 1.99174 
1.45628 1.37086 1.20213 1.5984 1.02499 1.71738 
-1.57293 1.23527 -1.68783 -1.07296 0.829642 -1.81981 
-1.57293 1.23527 -1.99956 0.0419612 -1.68783 -1.07296 
-1.68783 -1.07296 -0.209733 -1.98897 0.829642 -1.81981 
-0.209733 -1.98897 0.260605 -1.98295 0.829642 -1.81981 
0.829642 -1.81981 1.56873 -1.2406 1.96647 -0.364697 
1.56873 -1.2406 1.86787 -0.714881 1.96647 -0.364697 
1.56873 -1.2406 1.63173 -1.15649 1.86787 -0.714881 

Polygon 2
1.38682
12
0.604447 1.90647 0.798809 -1.83355 1.99126 -0.186806 
0.604447 1.90647 -1.98521 0.242739 0.798809 -1.83355 
0.604447 1.90647 -0.781055 1.84118 -1.98521 0.242739 
-1.98521 0.242739 -0.955786 -1.75684 0.798809 -1.83355 
-1.98521 0.242739 -1.744 -0.979007 -0.955786 -1.75684 
-1.98521 0.242739 -1.95221 -0.434619 -1.744 -0.979007 
-1.98521 0.242739 -1.98603 0.23598 -1.95221 -0.434619 
-1.95221 -0.434619 -1.88884 -0.657496 -1.744 -0.979007 
-0.955786 -1.75684 -0.118846 -1.99647 0.798809 -1.83355 
-0.955786 -1.75684 -0.720763 -1.86561 -0.118846 -1.99647 
-0.720763 -1.86561 -0.309512 -1.97591 -0.118846 -1.99647 
0.798809 -1.83355 1.71183 -1.03424 1.99126 -0.186806 

Polygon 3
1.45577
12
1.64694 1.13472 0.865969 1.8028 1.97095 -0.339664 
1.64694 1.13472 1.56712 1.24263 0.865969 1.8028 
0.865969 1.8028 -0.00809662 -1.99998 1.97095 -0.339664 
0.865969 1.8028 -1.74548 0.976373 -0.00809662 -1.99998 
0.865969 1.8028 -0.676509 1.88211 -1.74548 0.976373 
0.865969 1.8028 -0.169734 1.99278 -0.676509 1.88211 
-0.676509 1.88211 -1.4081 1.4203 -1.74548 0.976373 
-1.4081 1.4203 -1.65019 1.12999 -1.74548 0.976373 
-1.74548 0.976373 -1.46571 -1.36077 -0.00809662 -1.99998 
-1.46571 -1.36077 -0.90318 -1.78445 -0.00809662 -1.99998 
-0.90318 -1.78445 -0.134656 -1.99546 -0.00809662 -1.99998 
-0.00809662 -1.99998 1.3851 -1.44274 1.97095 -0.339664 

Radius = 6
n = 4
Polygon 1
1.06624
2
5.82253 1.4485 5.45967 2.48838 5.95844 -0.704969 
5.45967 2.48838 -5.7681 1.65197 5.95844 -0.704969 

Polygon 2
1.06209
2
1.63753 5.77222 -0.338114 5.99047 6 -0.000423703 
-0.338114 5.99047 -5.95054 0.768814 6 -0.000423703 

Polygon 3
1.11825
2
5.86587 1.26155 2.11311 -5.61558 5.9862 -0.4067 
5.86587 1.26155 -5.83113 1.41347 2.11311 -5.61558

n = 5
Polygon 1
1.24657
3
5.22656 2.9467 -3.35876 4.97179 -4.16318 -4.32064 
5.22656 2.9467 1.83217 5.71342 -3.35876 4.97179 
-3.35876 4.97179 -5.51307 -2.3677 -4.16318 -4.32064

Polygon 2
1.24657
3
5.22656 2.9467 -3.35876 4.97179 -4.16318 -4.32064 
5.22656 2.9467 1.83217 5.71342 -3.35876 4.97179 
-3.35876 4.97179 -5.51307 -2.3677 -4.16318 -4.32064

Polygon 3
1.26524
3
5.96218 0.672641 -0.269478 -5.99395 2.03825 -5.64319 
5.96218 0.672641 3.15758 5.10193 -0.269478 -5.99395 
3.15758 5.10193 -5.8261 1.43409 -0.269478 -5.99395 

n = 6
Polygon 1
1.09434
4
-3.63094 -4.77664 0.377389 -5.98812 5.24407 -2.91543 
-3.63094 -4.77664 -0.562711 -5.97355 0.377389 -5.98812 
0.377389 -5.98812 4.47295 -3.99909 5.24407 -2.91543 
4.47295 -3.99909 4.98679 -3.33646 5.24407 -2.91543 

Polygon 2
1.09914
4
5.2783 2.85299 5.97796 -0.513842 5.98132 -0.473072 
5.2783 2.85299 4.57009 -3.88771 5.97796 -0.513842 
5.2783 2.85299 -1.19686 -5.87941 4.57009 -3.88771 
-1.19686 -5.87941 1.54307 -5.79818 4.57009 -3.88771 

Polygon 3
1.29343
4
5.90651 1.05507 1.03423 5.91019 -5.86225 -1.27827 
1.03423 5.91019 -3.89798 4.56134 -5.86225 -1.27827 
1.03423 5.91019 -1.90059 5.69103 -3.89798 4.56134 
-3.89798 4.56134 -5.72495 1.79582 -5.86225 -1.27827

n = 7
Polygon 1
1.3876
5
4.61827 3.83034 4.56932 3.88861 5.3586 -2.69915 
4.56932 3.88861 4.95041 -3.39019 5.3586 -2.69915 
4.56932 3.88861 -2.33054 -5.52888 4.95041 -3.39019 
4.56932 3.88861 -4.7846 3.62044 -2.33054 -5.52888 
4.56932 3.88861 -1.86114 5.70405 -4.7846 3.62044 

Polygon 2
1.39346
5
3.72611 4.70278 4.44011 -4.03552 5.922 -0.964339 
3.72611 4.70278 -5.16329 -3.05621 4.44011 -4.03552 
3.72611 4.70278 -4.49029 3.97961 -5.16329 -3.05621 
3.72611 4.70278 -1.09543 5.89916 -4.49029 3.97961 
-4.49029 3.97961 -5.66467 1.97774 -5.16329 -3.05621 

Polygon 3
1.34119
5
4.73167 3.68935 1.94449 5.67618 4.00032 -4.47185 
4.73167 3.68935 3.07104 5.15449 1.94449 5.67618 
1.94449 5.67618 -5.86569 -1.26243 4.00032 -4.47185 
-5.86569 -1.26243 -3.43127 -4.92203 4.00032 -4.47185 
-5.86569 -1.26243 -3.5683 -4.82362 -3.43127 -4.92203 

n = 8
Polygon 1
1.44183
6
2.49961 5.45453 1.23729 5.87104 5.99312 -0.287208 
1.23729 5.87104 4.96069 -3.37513 5.99312 -0.287208 
1.23729 5.87104 -5.94333 -0.822681 4.96069 -3.37513 
-5.94333 -0.822681 -2.1027 -5.61949 4.96069 -3.37513 
-5.94333 -0.822681 -5.47822 -2.44727 -2.1027 -5.61949 
4.96069 -3.37513 5.5805 -2.2041 5.99312 -0.287208 

Polygon 2
1.32142
6
5.92426 0.950352 -0.398665 -5.98674 3.84419 -4.60676 
5.92426 0.950352 -2.96586 5.21571 -0.398665 -5.98674 
-0.398665 -5.98674 1.2573 -5.86679 3.84419 -4.60676 
-0.398665 -5.98674 0.359234 -5.98924 1.2573 -5.86679 
1.2573 -5.86679 3.02369 -5.1824 3.84419 -4.60676 
3.02369 -5.1824 3.37051 -4.96384 3.84419 -4.60676 

Polygon 3
1.29762
6
4.171 4.31309 1.87446 -5.69969 5.99999 -0.01138 
4.171 4.31309 -5.60539 -2.13999 1.87446 -5.69969 
-5.60539 -2.13999 -1.69322 -5.75613 1.87446 -5.69969 
-5.60539 -2.13999 -5.17555 -3.0354 -1.69322 -5.75613 
-1.69322 -5.75613 0.615586 -5.96834 1.87446 -5.69969 
-1.69322 -5.75613 -1.51697 -5.80507 0.615586 -5.96834 

n = 9
Polygon 1
1.33559
7
3.40717 4.93874 2.61301 5.40113 5.80575 -1.51436 
2.61301 5.40113 1.57588 -5.78935 5.80575 -1.51436 
2.61301 5.40113 -5.97441 0.553547 1.57588 -5.78935 
-5.97441 0.553547 -5.84748 -1.34425 1.57588 -5.78935 
-5.97441 0.553547 -5.99812 -0.150071 -5.84748 -1.34425 
1.57588 -5.78935 3.04617 -5.16922 5.80575 -1.51436 
3.04617 -5.16922 5.62612 -2.08488 5.80575 -1.51436 

Polygon 2
1.41538
7
5.99211 0.307567 2.0125 -5.65242 5.40387 -2.60733 
5.99211 0.307567 2.42916 5.48627 2.0125 -5.65242 
2.42916 5.48627 -5.32579 2.76333 2.0125 -5.65242 
2.42916 5.48627 -2.4467 5.47847 -5.32579 2.76333 
-2.4467 5.47847 -2.89863 5.25338 -5.32579 2.76333 
-5.32579 2.76333 -4.76427 -3.64716 2.0125 -5.65242 
-5.32579 2.76333 -5.88199 -1.18415 -4.76427 -3.64716 

Polygon 3
1.43046
7
5.22079 2.95692 4.94557 3.39725 5.99969 -0.0609474 
4.94557 3.39725 0.382113 5.98782 5.99969 -0.0609474 
0.382113 5.98782 2.93732 -5.23184 5.99969 -0.0609474 
0.382113 5.98782 -5.99654 -0.203841 2.93732 -5.23184 
0.382113 5.98782 -3.87088 4.58435 -5.99654 -0.203841 
-3.87088 4.58435 -5.95868 0.702908 -5.99654 -0.203841 
2.93732 -5.23184 3.21587 -5.06539 5.99969 -0.0609474 

n = 10
Polygon 1
1.43352
8
5.28661 2.83757 3.8999 -4.55969 5.92883 -0.921378 
5.28661 2.83757 -0.508244 5.97844 3.8999 -4.55969 
-0.508244 5.97844 -5.98828 -0.374914 3.8999 -4.55969 
-0.508244 5.97844 -5.43967 2.53179 -5.98828 -0.374914 
-5.43967 2.53179 -5.86482 1.26647 -5.98828 -0.374914 
-5.43967 2.53179 -5.52638 2.33649 -5.86482 1.26647 
-5.86482 1.26647 -5.97899 0.50173 -5.98828 -0.374914 
3.8999 -4.55969 5.77422 -1.63047 5.92883 -0.921378 

Polygon 2
1.3755
8
5.43411 2.5437 3.63143 -4.77627 5.99878 -0.120762 
5.43411 2.5437 -1.76335 5.73503 3.63143 -4.77627 
-1.76335 5.73503 -5.95398 -0.741727 3.63143 -4.77627 
-1.76335 5.73503 -5.78797 1.58097 -5.95398 -0.741727 
-1.76335 5.73503 -2.54284 5.43452 -5.78797 1.58097 
-5.95398 -0.741727 -1.39777 -5.83491 3.63143 -4.77627 
-1.39777 -5.83491 -1.05624 -5.9063 3.63143 -4.77627 
3.63143 -4.77627 4.96841 -3.36377 5.99878 -0.120762 

Polygon 3
1.41247
8
5.79106 1.5696 2.43722 -5.4827 3.30407 -5.0083 
5.79106 1.5696 5.39937 2.61664 2.43722 -5.4827 
5.39937 2.61664 -5.81839 -1.46504 2.43722 -5.4827 
5.39937 2.61664 -3.00728 5.19194 -5.81839 -1.46504 
-3.00728 5.19194 -5.03565 3.26224 -5.81839 -1.46504 
-3.00728 5.19194 -3.94787 4.51822 -5.03565 3.26224 
-5.03565 3.26224 -5.96193 -0.674842 -5.81839 -1.46504 
2.43722 -5.4827 2.54642 -5.43284 3.30407 -5.0083 

n = 11
Polygon 1
1.41942
9
4.01931 4.45479 0.0719718 -5.99957 5.78751 -1.58263 
4.01931 4.45479 -5.79477 1.55586 0.0719718 -5.99957 
4.01931 4.45479 -0.113441 5.99893 -5.79477 1.55586 
4.01931 4.45479 2.66199 5.37716 -0.113441 5.99893 
2.66199 5.37716 0.543262 5.97535 -0.113441 5.99893 
-0.113441 5.99893 -3.46445 4.89873 -5.79477 1.55586 
-5.79477 1.55586 -4.53062 -3.93364 0.0719718 -5.99957 
-5.79477 1.55586 -5.95009 -0.772302 -4.53062 -3.93364 
0.0719718 -5.99957 4.51876 -3.94725 5.78751 -1.58263 

Polygon 2
1.36143
9
2.66396 5.37618 5.91837 -0.986351 5.99059 -0.335937 
2.66396 5.37618 -0.0597482 -5.9997 5.91837 -0.986351 
2.66396 5.37618 -5.55842 2.2592 -0.0597482 -5.9997 
2.66396 5.37618 -2.98968 5.2021 -5.55842 2.2592 
2.66396 5.37618 2.5997 5.40755 -2.98968 5.2021 
-2.98968 5.2021 -3.7918 4.64998 -5.55842 2.2592 
-3.7918 4.64998 -5.45712 2.49396 -5.55842 2.2592 
-5.55842 2.2592 -4.4148 -4.0632 -0.0597482 -5.9997 
-4.4148 -4.0632 -1.70997 -5.75118 -0.0597482 -5.9997 

Polygon 3
1.42723
9
0.409011 5.98604 -4.01502 -4.45866 5.62742 -2.08137 
0.409011 5.98604 -5.62384 2.09103 -4.01502 -4.45866 
0.409011 5.98604 -3.21547 5.06564 -5.62384 2.09103 
0.409011 5.98604 -1.56125 5.79332 -3.21547 5.06564 
-3.21547 5.06564 -4.53984 3.92299 -5.62384 2.09103 
-4.01502 -4.45866 1.84531 -5.70919 5.62742 -2.08137 
-4.01502 -4.45866 -0.391217 -5.98723 1.84531 -5.70919 
-4.01502 -4.45866 -3.07021 -5.15498 -0.391217 -5.98723 
1.84531 -5.70919 5.45966 -2.48838 5.62742 -2.08137 

n = 12
Polygon 1
1.45036
10
5.99474 0.251091 3.38013 4.95729 3.16473 -5.0975 
3.38013 4.95729 -4.98997 3.33169 3.16473 -5.0975 
3.38013 4.95729 0.0662768 5.99963 -4.98997 3.33169 
3.38013 4.95729 3.05141 5.16613 0.0662768 5.99963 
3.05141 5.16613 0.242605 5.99509 0.0662768 5.99963 
0.242605 5.99509 0.123098 5.99874 0.0662768 5.99963 
-4.98997 3.33169 -3.85944 -4.59399 3.16473 -5.0975 
-4.98997 3.33169 -5.94048 -0.843044 -3.85944 -4.59399 
-4.98997 3.33169 -5.92437 0.949658 -5.94048 -0.843044 
-3.85944 -4.59399 -1.64325 -5.77059 3.16473 -5.0975 

Polygon 2
1.37775
10
5.87066 1.23911 1.77471 -5.73153 5.62 -2.10134 
5.87066 1.23911 -5.13326 3.10639 1.77471 -5.73153 
5.87066 1.23911 -0.221367 5.99591 -5.13326 3.10639 
-0.221367 5.99591 -3.34353 4.98205 -5.13326 3.10639 
-3.34353 4.98205 -4.91086 3.44723 -5.13326 3.10639 
-3.34353 4.98205 -3.62072 4.78439 -4.91086 3.44723 
-5.13326 3.10639 -4.26847 -4.21666 1.77471 -5.73153 
-4.26847 -4.21666 -1.38246 -5.83856 1.77471 -5.73153 
-4.26847 -4.21666 -1.95795 -5.67155 -1.38246 -5.83856 
-4.26847 -4.21666 -3.83864 -4.61138 -1.95795 -5.67155 

Polygon 3
1.4169
10
5.95276 0.751415 -1.0063 -5.91501 4.52677 -3.93806 
5.95276 0.751415 -2.36648 5.5136 -1.0063 -5.91501 
5.95276 0.751415 2.09315 5.62305 -2.36648 5.5136 
5.95276 0.751415 5.09633 3.16661 2.09315 5.62305 
2.09315 5.62305 -0.958549 5.92294 -2.36648 5.5136 
-2.36648 5.5136 -5.83934 -1.37916 -1.0063 -5.91501 
-2.36648 5.5136 -5.39859 2.61825 -5.83934 -1.37916 
-5.39859 2.61825 -5.96439 -0.652706 -5.83934 -1.37916 
-5.83934 -1.37916 -3.8012 -4.64229 -1.0063 -5.91501 
-3.8012 -4.64229 -3.78166 -4.65823 -1.0063 -5.91501 

n = 13
Polygon 1
1.44159
11
5.43823 2.5349 4.32068 -4.16314 5.56129 -2.25212 
5.43823 2.5349 -1.72835 -5.74568 4.32068 -4.16314 
5.43823 2.5349 -3.27968 5.02431 -1.72835 -5.74568 
5.43823 2.5349 1.0047 5.91528 -3.27968 5.02431 
5.43823 2.5349 3.10563 5.13372 1.0047 5.91528 
3.10563 5.13372 2.70586 5.35521 1.0047 5.91528 
-3.27968 5.02431 -5.82746 -1.42852 -1.72835 -5.74568 
-3.27968 5.02431 -5.85074 1.33 -5.82746 -1.42852 
-5.85074 1.33 -5.97598 0.536353 -5.82746 -1.42852 
-5.82746 -1.42852 -2.84092 -5.2848 -1.72835 -5.74568 
4.32068 -4.16314 5.07597 -3.19915 5.56129 -2.25212 

Polygon 2
1.44271
11
2.39684 5.50047 0.546445 -5.97506 5.61545 -2.11345 
2.39684 5.50047 -5.93747 0.863989 0.546445 -5.97506 
2.39684 5.50047 -3.36837 4.96528 -5.93747 0.863989 
2.39684 5.50047 -1.64066 5.77133 -3.36837 4.96528 
-3.36837 4.96528 -5.4563 2.49576 -5.93747 0.863989 
-5.93747 0.863989 -4.30665 -4.17765 0.546445 -5.97506 
-5.93747 0.863989 -4.56402 -3.89484 -4.30665 -4.17765 
0.546445 -5.97506 2.92364 -5.2395 5.61545 -2.11345 
0.546445 -5.97506 2.13087 -5.60887 2.92364 -5.2395 
0.546445 -5.97506 0.790872 -5.94765 2.13087 -5.60887 
2.92364 -5.2395 5.31456 -2.78486 5.61545 -2.11345 

Polygon 3
1.43734
11
5.3645 2.6874 4.9767 3.35148 5.77197 -1.63841 
5.3645 2.6874 5.31535 2.78336 4.9767 3.35148 
4.9767 3.35148 1.26454 5.86523 5.77197 -1.63841 
1.26454 5.86523 -5.92261 -0.960585 5.77197 -1.63841 
1.26454 5.86523 -3.26516 5.03376 -5.92261 -0.960585 
1.26454 5.86523 -0.636665 5.96613 -3.26516 5.03376 
1.26454 5.86523 0.196256 5.99679 -0.636665 5.96613 
0.196256 5.99679 -0.468728 5.98166 -0.636665 5.96613 
-5.92261 -0.960585 -0.938715 -5.92611 5.77197 -1.63841 
-5.92261 -0.960585 -3.26023 -5.03696 -0.938715 -5.92611 
-5.92261 -0.960585 -5.87419 -1.22223 -3.26023 -5.03696 

n = 14
Polygon 1
1.45667
12
5.99216 0.306569 5.84721 -1.34541 5.97927 -0.498381 
5.99216 0.306569 5.19165 3.00779 5.84721 -1.34541 
5.19165 3.00779 3.70903 4.71626 5.84721 -1.34541 
3.70903 4.71626 -0.191695 -5.99694 5.84721 -1.34541 
3.70903 4.71626 -5.14381 3.08888 -0.191695 -5.99694 
-5.14381 3.08888 -5.49985 -2.39826 -0.191695 -5.99694 
-5.14381 3.08888 -5.88331 1.17756 -5.49985 -2.39826 
-5.49985 -2.39826 -3.41868 -4.93078 -0.191695 -5.99694 
-5.49985 -2.39826 -4.62082 -3.82727 -3.41868 -4.93078 
-5.49985 -2.39826 -4.70078 -3.72863 -4.62082 -3.82727 
-0.191695 -5.99694 3.75601 -4.67893 5.84721 -1.34541 
5.84721 -1.34541 5.97002 -0.599013 5.97927 -0.498381 

Polygon 2
1.41685
12
5.99866 0.12695 -5.74555 -1.72877 2.588 -5.41315 
5.99866 0.12695 -1.32072 5.85284 -5.74555 -1.72877 
5.99866 0.12695 2.13585 5.60697 -1.32072 5.85284 
5.99866 0.12695 5.62884 2.07753 2.13585 5.60697 
5.99866 0.12695 5.97139 0.585276 5.62884 2.07753 
2.13585 5.60697 1.29798 5.85792 -1.32072 5.85284 
1.29798 5.85792 -1.04458 5.90837 -1.32072 5.85284 
-5.74555 -1.72877 -3.34804 -4.97902 2.588 -5.41315 
-5.74555 -1.72877 -3.92799 -4.53551 -3.34804 -4.97902 
-3.34804 -4.97902 0.170667 -5.99757 2.588 -5.41315 
0.170667 -5.99757 1.75894 -5.73639 2.588 -5.41315 
1.75894 -5.73639 2.24904 -5.56254 2.588 -5.41315 

Polygon 3
1.44407
12
5.95991 0.692424 5.86754 1.2538 5.98113 -0.475449 
5.86754 1.2538 4.77485 -3.6333 5.98113 -0.475449 
5.86754 1.2538 1.83353 -5.71298 4.77485 -3.6333 
5.86754 1.2538 -4.30851 -4.17574 1.83353 -5.71298 
5.86754 1.2538 -2.73845 5.33862 -4.30851 -4.17574 
5.86754 1.2538 2.47672 5.46497 -2.73845 5.33862 
2.47672 5.46497 -0.515071 5.97785 -2.73845 5.33862 
-0.515071 5.97785 -0.905327 5.93131 -2.73845 5.33862 
-2.73845 5.33862 -5.93803 0.860097 -4.30851 -4.17574 
-2.73845 5.33862 -4.64641 3.79616 -5.93803 0.860097 
-4.30851 -4.17574 -2.02337 -5.64854 1.83353 -5.71298 
1.83353 -5.71298 3.49477 -4.87715 4.77485 -3.6333 


Radius = 8
n = 4
Polygon 1
1.21916
2
7.5251 2.71529 -7.40533 3.02672 -6.35907 -4.85409 
7.5251 2.71529 1.89469 7.7724 -7.40533 3.02672 

Polygon 2
1.31295
2
4.51976 6.60089 3.63183 -7.1281 7.84435 -1.57041 
4.51976 6.60089 -7.09838 3.68958 3.63183 -7.1281 

Polygon 3
1.22884
2
7.99347 0.323077 -3.36071 7.25986 -5.84016 -5.46741 
-3.36071 7.25986 -7.89029 -1.32033 -5.84016 -5.46741 

n = 5
Polygon 1
1.00617
3
7.82406 1.66855 5.6352 5.67842 -7.99838 0.16114 
7.82406 1.66855 7.80532 1.75415 5.6352 5.67842 
7.80532 1.75415 5.6765 5.63714 5.6352 5.67842 

Polygon 2
1.25704
3
-4.9234 6.30556 -7.00454 -3.86477 5.97707 -5.31739 
-4.9234 6.30556 -7.48098 2.83461 -7.00454 -3.86477 
-7.00454 -3.86477 4.04017 -6.90486 5.97707 -5.31739 

Polygon 3
1.21735
3
2.7657 7.50672 -7.87161 -1.42747 0.61461 -7.97636 
2.7657 7.50672 -5.46327 5.84403 -7.87161 -1.42747 
-5.46327 5.84403 -5.8885 5.41531 -7.87161 -1.42747 

n = 6
Polygon 1
1.31574
4
7.72222 2.08983 -2.69491 7.53243 5.42009 -5.8841 
7.72222 2.08983 -1.3067 7.89256 -2.69491 7.53243 
-2.69491 7.53243 -7.01845 -3.83944 5.42009 -5.8841 
-7.01845 -3.83944 -2.35774 -7.64468 5.42009 -5.8841 

Polygon 2
1.23108
4
7.26802 3.34304 4.21584 6.79902 7.58863 -2.53232 
4.21584 6.79902 2.32996 -7.65319 7.58863 -2.53232 
4.21584 6.79902 -7.57701 -2.56688 2.32996 -7.65319 
-7.57701 -2.56688 -2.16727 -7.70084 2.32996 -7.65319 

Polygon 3
1.34287
4
7.876 1.40306 -7.71163 2.12855 -3.95537 -6.95378 
7.876 1.40306 1.40633 7.87542 -7.71163 2.12855 
7.876 1.40306 2.09862 7.71983 1.40633 7.87542 
1.40633 7.87542 -6.50221 4.6606 -7.71163 2.12855 

n = 7
Polygon 1
1.35027
5
7.37512 3.09961 0.0804476 7.9996 5.85133 -5.45545 
0.0804476 7.9996 -7.95884 -0.810505 5.85133 -5.45545 
0.0804476 7.9996 -4.65149 6.50874 -7.95884 -0.810505 
-7.95884 -0.810505 -2.59799 -7.5664 5.85133 -5.45545 
-2.59799 -7.5664 4.31888 -6.73404 5.85133 -5.45545 

Polygon 2
1.08764
5
7.99462 0.293277 0.450514 7.9873 -7.49402 2.79994 
7.99462 0.293277 2.91973 7.44817 0.450514 7.9873 
2.91973 7.44817 0.974751 7.94039 0.450514 7.9873 
2.91973 7.44817 2.53401 7.58807 0.974751 7.94039 
0.450514 7.9873 -7.03895 3.80173 -7.49402 2.79994 

Polygon 3
1.38679
5
7.87194 1.42569 -7.37733 -3.09435 2.44234 -7.61807 
7.87194 1.42569 -3.03383 7.40243 -7.37733 -3.09435 
-3.03383 7.40243 -7.92201 1.11431 -7.37733 -3.09435 
-3.03383 7.40243 -4.18297 6.81929 -7.92201 1.11431 
-7.37733 -3.09435 -1.70739 -7.81568 2.44234 -7.61807 

n = 8
Polygon 1
1.43952
6
7.76446 1.92696 7.21205 3.46213 3.91192 -6.97831 
7.21205 3.46213 -7.93597 -1.01017 3.91192 -6.97831 
7.21205 3.46213 -2.31999 7.65622 -7.93597 -1.01017 
-2.31999 7.65622 -3.05435 7.39398 -7.93597 -1.01017 
-7.93597 -1.01017 -6.303 -4.92668 3.91192 -6.97831 
-6.303 -4.92668 3.11369 -7.36919 3.91192 -6.97831 

Polygon 2
1.34626
6
7.99131 0.372707 7.98231 0.531784 6.12425 -5.14719 
7.98231 0.531784 5.49624 5.81304 6.12425 -5.14719 
5.49624 5.81304 -7.90485 -1.23017 6.12425 -5.14719 
5.49624 5.81304 -4.94034 6.2923 -7.90485 -1.23017 
5.49624 5.81304 0.475929 7.98583 -4.94034 6.2923 
0.475929 7.98583 -2.80356 7.49267 -4.94034 6.2923 

Polygon 3
1.36945
6
2.98941 7.42047 -5.70098 -5.61238 3.82955 -7.02386 
2.98941 7.42047 -4.55086 6.57949 -5.70098 -5.61238 
2.98941 7.42047 1.24744 7.90214 -4.55086 6.57949 
2.98941 7.42047 1.91503 7.76741 1.24744 7.90214 
1.24744 7.90214 -3.0172 7.40922 -4.55086 6.57949 
-5.70098 -5.61238 1.76483 -7.80291 3.82955 -7.02386 


n = 9
Polygon 1
1.37077
7
7.05854 3.76524 6.86997 -4.09921 7.82193 -1.67851 
7.05854 3.76524 3.95935 6.95151 6.86997 -4.09921 
3.95935 6.95151 -7.56382 2.60549 6.86997 -4.09921 
3.95935 6.95151 -3.1369 7.35934 -7.56382 2.60549 
-3.1369 7.35934 -4.48058 6.62755 -7.56382 2.60549 
-7.56382 2.60549 -4.62958 -6.52434 6.86997 -4.09921 
-7.56382 2.60549 -7.87573 -1.40461 -4.62958 -6.52434 

Polygon 2
1.35045
7
7.42739 2.9722 -2.66012 7.54479 -3.99182 -6.93292 
7.42739 2.9722 5.79894 5.51111 -2.66012 7.54479 
-2.66012 7.54479 -7.69093 2.20218 -3.99182 -6.93292 
-2.66012 7.54479 -6.62246 4.48809 -7.69093 2.20218 
-7.69093 2.20218 -7.4273 -2.97241 -3.99182 -6.93292 
-7.4273 -2.97241 -5.84932 -5.45761 -3.99182 -6.93292 
-7.4273 -2.97241 -6.31772 -4.90779 -5.84932 -5.45761 

Polygon 3
1.42671
7
6.12614 5.14494 6.37861 -4.82839 7.88251 -1.36602 
6.12614 5.14494 -1.6979 7.81774 6.37861 -4.82839 
6.12614 5.14494 1.29527 7.89445 -1.6979 7.81774 
-1.6979 7.81774 -7.96162 -0.782683 6.37861 -4.82839 
-7.96162 -0.782683 -1.99516 -7.74721 6.37861 -4.82839 
-1.99516 -7.74721 0.209118 -7.99727 6.37861 -4.82839 
6.37861 -4.82839 6.58405 -4.54426 7.88251 -1.36602 


n = 10
Polygon 1
1.43403
8
6.66409 4.42605 -3.84216 7.01697 6.4268 -4.76406 
6.66409 4.42605 1.318 7.89068 -3.84216 7.01697 
6.66409 4.42605 4.22218 6.79508 1.318 7.89068 
6.66409 4.42605 6.53372 4.61633 4.22218 6.79508 
1.318 7.89068 -0.691012 7.9701 -3.84216 7.01697 
1.318 7.89068 0.567452 7.97985 -0.691012 7.9701 
-3.84216 7.01697 -7.12073 -3.64626 6.4268 -4.76406 
-7.12073 -3.64626 -2.03015 -7.73812 6.4268 -4.76406 

Polygon 2
1.34015
8
7.96654 0.73091 -6.5909 4.53432 1.10425 -7.92342 
-6.5909 4.53432 -5.97968 -5.31445 1.10425 -7.92342 
-6.5909 4.53432 -7.81681 -1.70218 -5.97968 -5.31445 
-6.5909 4.53432 -7.95457 0.851369 -7.81681 -1.70218 
-6.5909 4.53432 -7.2952 3.28329 -7.95457 0.851369 
-6.5909 4.53432 -7.03998 3.79982 -7.2952 3.28329 
-7.95457 0.851369 -7.9661 0.735697 -7.81681 -1.70218 
-5.97968 -5.31445 -2.60267 -7.5648 1.10425 -7.92342 

Polygon 3
1.39211
8
6.25663 4.98544 5.75159 5.56051 6.00557 -5.28518 
5.75159 5.56051 -6.86011 4.11569 6.00557 -5.28518 
-6.86011 4.11569 -5.98682 -5.3064 6.00557 -5.28518 
-6.86011 4.11569 -7.05835 3.7656 -5.98682 -5.3064 
-5.98682 -5.3064 0.474783 -7.9859 6.00557 -5.28518 
-5.98682 -5.3064 -3.73549 -7.07433 0.474783 -7.9859 
-3.73549 -7.07433 0.246928 -7.99619 0.474783 -7.9859 
0.474783 -7.9859 5.51592 -5.79436 6.00557 -5.28518 

n = 11
Polygon 1
1.36896
9
7.84518 1.56623 4.34533 6.717 7.24193 -3.39918 
4.34533 6.717 -7.40331 -3.03166 7.24193 -3.39918 
4.34533 6.717 -5.24523 6.04049 -7.40331 -3.03166 
4.34533 6.717 0.526571 7.98265 -5.24523 6.04049 
4.34533 6.717 3.20342 7.33063 0.526571 7.98265 
3.20342 7.33063 0.814906 7.95839 0.526571 7.98265 
-7.40331 -3.03166 1.62285 -7.83367 7.24193 -3.39918 
-7.40331 -3.03166 -5.67768 -5.63595 1.62285 -7.83367 
1.62285 -7.83367 3.39749 -7.24272 7.24193 -3.39918 

Polygon 2
1.39105
9
7.52391 2.7186 4.8552 -6.35822 7.39124 -3.06096 
7.52391 2.7186 -4.05412 -6.89667 4.8552 -6.35822 
7.52391 2.7186 -4.70884 6.46736 -4.05412 -6.89667 
7.52391 2.7186 3.10938 7.37101 -4.70884 6.46736 
7.52391 2.7186 7.0716 3.74064 3.10938 7.37101 
-4.70884 6.46736 -7.94439 -0.941643 -4.05412 -6.89667 
-7.94439 -0.941643 -7.40311 -3.03216 -4.05412 -6.89667 
4.8552 -6.35822 6.37495 -4.83323 7.39124 -3.06096 
4.8552 -6.35822 5.3842 -5.91696 6.37495 -4.83323 

Polygon 3
1.42171
9
7.99933 0.103178 6.59769 4.52444 7.19807 -3.4911 
7.99933 0.103178 7.74307 2.01119 6.59769 4.52444 
7.99933 0.103178 7.9539 0.857611 7.74307 2.01119 
7.9539 0.857611 7.85159 1.53379 7.74307 2.01119 
6.59769 4.52444 -2.67092 7.54097 7.19807 -3.4911 
6.59769 4.52444 3.90891 6.98 -2.67092 7.54097 
-2.67092 7.54097 -5.39583 -5.90635 7.19807 -3.4911 
-2.67092 7.54097 -7.67824 -2.24603 -5.39583 -5.90635 
-7.67824 -2.24603 -7.13407 -3.62008 -5.39583 -5.90635

n = 12
Polygon 1
1.45973
10
7.95578 0.839962 2.91627 -7.44952 7.77973 -1.86435 
7.95578 0.839962 0.906769 7.94844 2.91627 -7.44952 
0.906769 7.94844 -6.87425 -4.09202 2.91627 -7.44952 
0.906769 7.94844 -6.44563 4.73855 -6.87425 -4.09202 
-6.44563 4.73855 -7.99744 0.202517 -6.87425 -4.09202 
-6.44563 4.73855 -7.88617 1.34477 -7.99744 0.202517 
-6.87425 -4.09202 -3.39647 -7.2432 2.91627 -7.44952 
-6.87425 -4.09202 -6.49892 -4.6652 -3.39647 -7.2432 
-6.87425 -4.09202 -6.66987 -4.41734 -6.49892 -4.6652 
-3.39647 -7.2432 -0.653849 -7.97324 2.91627 -7.44952 

Polygon 2
1.46347
10
7.95086 0.885339 4.50633 -6.61007 7.56009 -2.6163 
7.95086 0.885339 0.621495 7.97582 4.50633 -6.61007 
7.95086 0.885339 5.82042 5.48841 0.621495 7.97582 
0.621495 7.97582 -6.58983 -4.53588 4.50633 -6.61007 
0.621495 7.97582 -6.0531 5.23068 -6.58983 -4.53588 
0.621495 7.97582 -2.59979 7.56579 -6.0531 5.23068 
0.621495 7.97582 -2.12677 7.71212 -2.59979 7.56579 
-6.58983 -4.53588 -3.57188 -7.15833 4.50633 -6.61007 
4.50633 -6.61007 6.22778 -5.02142 7.56009 -2.6163 
4.50633 -6.61007 4.59906 -6.54589 6.22778 -5.02142 

Polygon 3
1.40952
10
7.08295 3.71912 1.69282 7.81885 7.76215 -1.93625 
7.08295 3.71912 3.7521 7.06553 1.69282 7.81885 
7.08295 3.71912 7.05856 3.76521 3.7521 7.06553 
1.69282 7.81885 -7.7379 -2.031 7.76215 -1.93625 
-7.7379 -2.031 0.285059 -7.99492 7.76215 -1.93625 
-7.7379 -2.031 -4.3942 -6.68513 0.285059 -7.99492 
-7.7379 -2.031 -6.03388 -5.25283 -4.3942 -6.68513 
-4.3942 -6.68513 -1.68896 -7.81968 0.285059 -7.99492 
0.285059 -7.99492 4.23211 -6.78891 7.76215 -1.93625 
0.285059 -7.99492 3.58713 -7.1507 4.23211 -6.78891 

n = 13
Polygon 1
1.45708
11
6.91633 4.02049 6.51533 -4.64225 7.8296 -1.64237 
6.91633 4.02049 -2.87387 -7.46598 6.51533 -4.64225 
6.91633 4.02049 -7.66277 2.29825 -2.87387 -7.46598 
6.91633 4.02049 -1.31002 7.89201 -7.66277 2.29825 
-7.66277 2.29825 -7.91192 -1.18386 -2.87387 -7.46598 
-7.66277 2.29825 -7.98307 -0.520246 -7.91192 -1.18386 
-7.66277 2.29825 -7.78914 1.82465 -7.98307 -0.520246 
-2.87387 -7.46598 2.70421 -7.52909 6.51533 -4.64225 
-2.87387 -7.46598 -0.51942 -7.98312 2.70421 -7.52909 
-2.87387 -7.46598 -2.23861 -7.6804 -0.51942 -7.98312 
-0.51942 -7.98312 1.99078 -7.74834 2.70421 -7.52909 

Polygon 2
1.45694
11
7.68931 2.20782 5.91658 5.38461 7.9949 -0.285534 
7.68931 2.20782 7.24906 3.38395 5.91658 5.38461 
5.91658 5.38461 -0.103755 7.99933 7.9949 -0.285534 
-0.103755 7.99933 -7.58062 2.55622 7.9949 -0.285534 
-7.58062 2.55622 -0.736669 -7.96601 7.9949 -0.285534 
-7.58062 2.55622 -7.22519 -3.43463 -0.736669 -7.96601 
-7.58062 2.55622 -7.82217 -1.6774 -7.22519 -3.43463 
-7.22519 -3.43463 -3.64601 -7.12085 -0.736669 -7.96601 
-0.736669 -7.96601 4.88233 -6.33742 7.9949 -0.285534 
-0.736669 -7.96601 2.19238 -7.69373 4.88233 -6.33742 
-0.736669 -7.96601 0.0255233 -7.99996 2.19238 -7.69373 

Polygon 3
1.45921
11
4.59972 6.54542 -4.64033 6.51669 6.82433 -4.17475 
4.59972 6.54542 -0.109242 7.99925 -4.64033 6.51669 
4.59972 6.54542 2.214 7.68753 -0.109242 7.99925 
2.214 7.68753 0.767441 7.9631 -0.109242 7.99925 
-0.109242 7.99925 -3.99199 6.93282 -4.64033 6.51669 
-4.64033 6.51669 -6.40905 -4.78791 6.82433 -4.17475 
-4.64033 6.51669 -7.91035 -1.19434 -6.40905 -4.78791 
-7.91035 -1.19434 -6.82499 -4.17366 -6.40905 -4.78791 
-6.40905 -4.78791 0.406084 -7.98969 6.82433 -4.17475 
-6.40905 -4.78791 -2.86162 -7.47069 0.406084 -7.98969 
-2.86162 -7.47069 -1.72481 -7.81185 0.406084 -7.98969 

n = 14
Polygon 1
1.46431
12
7.83518 1.61551 6.85555 4.12328 7.98652 -0.464172 
6.85555 4.12328 6.39242 -4.81009 7.98652 -0.464172 
6.85555 4.12328 -3.28321 -7.29524 6.39242 -4.81009 
6.85555 4.12328 -7.04072 3.79846 -3.28321 -7.29524 
6.85555 4.12328 -0.160869 7.99838 -7.04072 3.79846 
6.85555 4.12328 1.68784 7.81992 -0.160869 7.99838 
1.68784 7.81992 -0.0708213 7.99969 -0.160869 7.99838 
-0.160869 7.99838 -6.06978 5.21131 -7.04072 3.79846 
-3.28321 -7.29524 2.92322 -7.4468 6.39242 -4.81009 
-3.28321 -7.29524 -0.486992 -7.98516 2.92322 -7.4468 
2.92322 -7.4468 5.31627 -5.97806 6.39242 -4.81009 
6.39242 -4.81009 7.65122 -2.33641 7.98652 -0.464172 

Polygon 2
1.43695
12
7.19363 3.50024 7.83423 -1.62013 7.9842 -0.502596 
7.19363 3.50024 3.46107 7.21256 7.83423 -1.62013 
7.19363 3.50024 5.24304 6.04239 3.46107 7.21256 
3.46107 7.21256 -4.89148 6.33036 7.83423 -1.62013 
-4.89148 6.33036 -5.67509 -5.63856 7.83423 -1.62013 
-4.89148 6.33036 -7.99791 0.182653 -5.67509 -5.63856 
-4.89148 6.33036 -6.17458 5.08671 -7.99791 0.182653 
-6.17458 5.08671 -7.76898 1.90863 -7.99791 0.182653 
-7.76898 1.90863 -7.93845 0.990495 -7.99791 0.182653 
-7.99791 0.182653 -6.23935 -5.00704 -5.67509 -5.63856 
-5.67509 -5.63856 2.61372 -7.56098 7.83423 -1.62013 
-5.67509 -5.63856 -0.739648 -7.96573 2.61372 -7.56098 

Polygon 3
1.42823
12
7.72947 2.06284 7.51354 -2.74712 7.99532 -0.273692 
7.72947 2.06284 4.04708 6.90081 7.51354 -2.74712 
7.72947 2.06284 6.14593 5.12128 4.04708 6.90081 
7.72947 2.06284 7.00638 3.86142 6.14593 5.12128 
4.04708 6.90081 -7.96769 -0.718287 7.51354 -2.74712 
4.04708 6.90081 -3.45856 7.21376 -7.96769 -0.718287 
-3.45856 7.21376 -7.44297 2.93294 -7.96769 -0.718287 
-3.45856 7.21376 -6.07729 5.20256 -7.44297 2.93294 
-7.44297 2.93294 -7.97972 -0.569265 -7.96769 -0.718287 
-7.96769 -0.718287 -0.91265 -7.94777 7.51354 -2.74712 
-7.96769 -0.718287 -5.65203 -5.66167 -0.91265 -7.94777 
-5.65203 -5.66167 -5.39095 -5.91081 -0.91265 -7.94777 
