4 1.07296
4 1.01209
4 1.11648
4 1.16643
4 1.03003
4 1.00498
4 1.14367
4 1.22375
4 1.10365
4 1.02325
4 1.21345
4 1.08048
4 1.18286
4 1.05988
4 1.08185
4 1.11312
4 1.11698
4 1.06514
4 1.20236
4 1.03368
4 1.01092
4 1.32166
4 1.04079
4 1.10759
4 1.15399
4 1.0891
4 1.28819
4 1.13737
4 1.11444
4 1.06412
4 1.11686
4 1.16767
4 1.07877
4 1.19246
4 1.30966
4 1.14383
4 1.05476
4 1.06137
4 1.06919
4 1.20511
4 1.0899
4 1.28403
4 1.04066
4 1.03798
4 1.00413
4 1.08551
4 1.06727
4 1.06478
4 1.25505
4 1.08763
4 1.22175
4 1.22361
4 1.16622
4 1.28485
4 1.07323
4 1.09554
4 1.28707
4 1.33296
4 1.15588
4 1.08451
4 1.0691
4 1.01176
4 1.03058
4 1.14337
4 1.05189
4 1.23575
4 1.04515
4 1.01567
4 1.29722
4 1.10692
4 1.03489
4 1.11924
4 1.20876
4 1.33053
4 1.26416
4 1.2839
4 1.19197
4 1.11123
4 1.01767
4 1.05335
4 1.33029
4 1.01625
4 1.22206
4 1.03588
4 1.21888
4 1.18436
4 1.15747
4 1.04065
4 1.03834
4 1.0961
4 1.06925
4 1.14958
4 1.00312
4 1.07648
4 1.01677
4 1.1227
4 1.13753
4 1.09216
4 1.02595
4 1.25935
4 1.22091
4 1.1112
4 1.07124
4 1.1473
4 1.10408
4 1.23751
4 1.33879
4 1.17764
4 1.25876
4 1.18839
4 1.2177
4 1.166
4 1.20697
4 1.05901
4 1.00194
4 1.03973
4 1.15932
4 1.19374
4 1.20552
4 1.09365
4 1.02034
4 1.00235
4 1.05646
4 1.0998
4 1.10206
4 1.34603
4 1.23679
4 1.11449
4 1.09782
4 1.12966
4 1.07765
4 1.2972
4 1.02746
4 1.1009
4 1.00511
4 1.01096
4 1.34916
4 1.11941
4 1.00568
4 1.03333
4 1.07514
4 1.31655
4 1.25592
4 1.2183
4 1.33699
4 1.08889
4 1.0082
4 1.11669
4 1.00317
4 1.20528
4 1.08692
4 1.11481
4 1.12527
4 1.39493
4 1.20744
4 1.17157
4 1.01802
4 1.3666
4 1.11256
4 1.18519
4 1.1547
4 1.08416
4 1.18444
4 1.02813
4 1.00127
4 1.0874
4 1.05379
4 1.23279
4 1.0086
4 1.10928
4 1.00203
4 1.11212
4 1.31185
4 1.29445
4 1.07388
4 1.03317
4 1.13347
4 1.07666
4 1.11002
4 1.19381
4 1.06184
4 1.19595
4 1.36356
4 1.00441
4 1.03597
4 1.06005
4 1.02705
4 1.26519
4 1.02534
4 1.01115
4 1.18199
4 1.05527
4 1.40169
4 1.08904
4 1.12109
4 1.16616
4 1.14829
4 1.04633
4 1.1857
4 1.11223
4 1.08002
4 1.03467
4 1.1596
4 1.03045
4 1.02284
4 1.11009
4 1.00047
4 1.3574
4 1.06479
4 1.05654
4 1.12479
4 1.34873
4 1.14358
4 1.16878
4 1.37178
4 1.02909
4 1.01344
4 1.0768
4 1.12877
4 1.21701
4 1.11436
4 1.12949
4 1.00518
4 1.07516
4 1.38368
4 1.15993
4 1.04024
4 1.0103
4 1.10279
4 1.09292
4 1.07089
4 1.10313
4 1.0172
4 1.05941
4 1.02185
4 1.16844
4 1.00595
4 1.29115
4 1.25286
4 1.14205
4 1.12983
4 1.29626
4 1.09982
4 1.15934
4 1.0082
4 1.00673
4 1.33053
4 1.13294
4 1.13689
4 1.10507
4 1.12792
4 1.03847
4 1.07162
4 1.05509
4 1.02841
4 1.19579
4 1.30864
4 1.1885
4 1.04944
4 1.04535
4 1.22475
4 1.15885
4 1.05701
4 1.08138
4 1.04077
4 1.2185
4 1.25531
4 1.19884
4 1.14198
4 1.11176
4 1.0861
4 1.09081
4 1.00668
4 1.27804
4 1.1078
4 1.34112
4 1.29409
4 1.02668
4 1.00523
4 1.01097
4 1.02541
4 1.24589
4 1.1379
4 1.32531
4 1.16373
4 1.02109
4 1.21449
4 1.23673
4 1.05704
4 1.03652
4 1.22873
4 1.06194
4 1.11819
4 1.18106
4 1.3289
4 1.17546
4 1.23182
4 1.08381
4 1.02621
4 1.20111
4 1.25986
4 1.07457
4 1.0033
4 1.33584
4 1.30617
4 1.05959
4 1.33298
4 1.11913
4 1.11869
4 1.02419
4 1.0235
4 1.22894
4 1.04709
4 1.27786
4 1.21925
4 1.00635
4 1.05749
4 1.05178
4 1.03375
4 1.24249
4 1.16213
4 1.0653
4 1.09922
4 1.29618
4 1.07229
4 1.05464
4 1.26812
4 1.07523
4 1.03049
4 1.0004
4 1.18248
4 1.26729
4 1.17931
4 1.32518
4 1.25683
4 1.09722
4 1.09973
4 1.01012
4 1.10832
4 1.10987
4 1.07538
4 1.01021
4 1.11736
4 1.03883
4 1.09437
4 1.03388
4 1.21361
4 1.13728
4 1.21041
4 1.00307
4 1.27425
4 1.04485
4 1.29564
4 1.01998
4 1.22463
4 1.13531
4 1.11631
4 1.08499
4 1.15561
4 1.01806
4 1.15749
4 1.03654
4 1.0907
4 1.0264
4 1.00375
4 1.02739
4 1.061
4 1.08829
4 1.07623
4 1.25922
4 1.27602
4 1.19061
4 1.31941
4 1.20163
4 1.02251
4 1.03231
4 1.01196
4 1.01853
4 1.10299
4 1.0248
4 1.11652
4 1.175
4 1.00391
4 1.17937
4 1.0898
4 1.10309
4 1.12967
4 1.06759
4 1.16695
4 1.07314
4 1.02995
4 1.00373
4 1.19494
4 1.26348
4 1.20704
4 1.06944
4 1.02307
4 1.04191
4 1.26024
4 1.01786
4 1.09576
4 1.11555
4 1.31844
4 1.01068
4 1.08413
4 1.09234
4 1.0242
4 1.18387
4 1.07688
4 1.00418
4 1.13182
4 1.2002
4 1.11983
4 1.02882
4 1.02581
4 1.06298
4 1.04869
4 1.24358
4 1.0894
4 1.05727
4 1.06954
4 1.07949
4 1.02863
4 1.05894
4 1.00168
4 1.02685
4 1.08602
4 1.16343
4 1.07529
4 1.04683
4 1.06336
4 1.07884
4 1.24202
4 1.09481
4 1.27839
4 1.17883
4 1.06293
4 1.05677
4 1.18832
4 1.02999
4 1.19919
4 1.03965
4 1.00065
4 1.15968
4 1.09204
4 1.02847
4 1.05496
4 1.04901
4 1.20469
4 1.04902
4 1.24884
4 1.09976
4 1.11789
4 1.32643
4 1.09127
4 1.07825
4 1.01824
4 1.26373
4 1.09799
4 1.05242
4 1.19586
4 1.17437
4 1.02654
4 1.35006
4 1.05399
4 1.24524
4 1.06671
4 1.318
4 1.07164
4 1.18009
4 1.08371
4 1.00089
4 1.21637
4 1.0647
4 1.10921
4 1.07207
4 1.03135
4 1.26469
4 1.05375
4 1.07056
4 1.00948
4 1.00409
4 1.18604
4 1.09786
4 1.16596
4 1.04273
4 1.23054
4 1.09378
4 1.08428
4 1.00438
4 1.02585
4 1.17204
4 1.14449
4 1.09359
4 1.26273
4 1.10641
4 1.2999
4 1.26966
4 1.00011
4 1.04175
4 1.09326
4 1.25215
4 1.1319
4 1.0969
4 1.2848
4 1.00977
4 1.04315
4 1.24487
4 1.04502
4 1.0353
4 1.12928
4 1.04394
4 1.16453
4 1.11654
4 1.19619
4 1.21799
4 1.30598
4 1.08238
4 1.16843
4 1.10148
4 1.04019
4 1.02227
4 1.04221
4 1.0631
4 1.23926
4 1.02821
4 1.12688
4 1.07384
4 1.27204
4 1.12668
4 1.06901
4 1.24222
4 1.0889
4 1.12144
4 1.01169
4 1.26591
4 1.14033
4 1.11885
4 1.08158
4 1.10229
4 1.28379
4 1.14231
4 1.07458
4 1.18446
4 1.14073
4 1.17207
4 1.14318
4 1.28311
4 1.10359
4 1.2064
4 1.27426
4 1.19237
4 1.06584
4 1.04706
4 1.15312
4 1.19494
4 1.20981
4 1.0331
4 1.11106
4 1.00579
4 1.11256
4 1.21789
4 1.10642
4 1.12156
4 1.08287
4 1.00766
4 1.06362
4 1.07143
4 1.16632
4 1.00555
4 1.1123
4 1.04908
4 1.18735
4 1.30882
4 1.25294
4 1.02395
4 1.09059
4 1.03216
4 1.25873
4 1.08429
4 1.33101
4 1.0602
4 1.25274
4 1.00578
4 1.06305
4 1.05225
4 1.21293
4 1.17699
4 1.08894
4 1.2797
4 1.18185
4 1.01065
4 1.00767
4 1.0565
4 1.21212
4 1.17192
4 1.06082
4 1.08717
4 1.04867
4 1.00571
4 1.25748
4 1.0328
4 1.05558
4 1.16635
4 1.15501
4 1.14599
4 1.16154
4 1.23525
4 1.08903
4 1.23752
4 1.20999
4 1.12982
4 1.13777
4 1.07191
4 1.11621
4 1.19834
4 1.08325
4 1.24251
4 1.16705
4 1.03451
4 1.08134
4 1.05966
4 1.0438
4 1.08574
4 1.00884
4 1.16174
4 1.01424
4 1.11519
4 1.01871
4 1.06778
4 1.26706
4 1.09169
4 1.1034
4 1.12709
4 1.13439
4 1.02666
4 1.14025
4 1.16363
4 1.25164
4 1.10276
4 1.23552
4 1.1632
4 1.14077
4 1.27498
4 1.20359
4 1.20835
4 1.09992
4 1.23959
4 1.14458
4 1.12434
4 1.26173
4 1.0626
4 1.1054
4 1.21291
4 1.00446
4 1.06557
4 1.01947
4 1.09792
4 1.19547
4 1.18377
4 1.0939
4 1.25057
4 1.04983
4 1.12797
4 1.01347
4 1.01102
4 1.17586
4 1.32056
4 1.35508
4 1.24248
4 1.34757
4 1.3336
4 1.02487
4 1.05873
4 1.22225
4 1.34824
4 1.00118
4 1.10983
4 1.11377
4 1.0096
4 1.02848
4 1.06771
4 1.02964
4 1.14171
4 1.0132
4 1.18131
4 1.21536
4 1.22947
4 1.17656
4 1.03296
4 1.17127
4 1.15241
4 1.20467
4 1.02575
4 1.24612
4 1.01675
4 1.09192
4 1.16171
4 1.11547
4 1.07361
4 1.08677
4 1.28864
4 1.10183
4 1.21413
4 1.12233
4 1.19197
4 1.14215
4 1.00424
4 1.10113
4 1.25783
4 1.34246
4 1.02114
4 1.19669
4 1.10683
4 1.36039
4 1.0519
4 1.09738
4 1.0413
4 1.11163
4 1.15857
4 1.18164
4 1.05542
4 1.0184
4 1.03692
4 1.17891
4 1.25999
4 1.21835
4 1.26658
4 1.17923
4 1.25945
4 1.34227
4 1.29545
4 1.09619
4 1.28157
4 1.16701
4 1.04748
4 1.09487
4 1.18794
4 1.03256
4 1.22501
4 1.25128
4 1.18449
4 1.05294
4 1.08529
4 1.19931
4 1.08028
4 1.0876
4 1.20138
4 1.07024
4 1.17072
4 1.23628
4 1.1052
4 1.05726
4 1.16425
4 1.20028
4 1.16432
4 1.16031
4 1.14161
4 1.09309
4 1.00864
4 1.01089
4 1.11345
4 1.07327
4 1.07161
4 1.11015
4 1.14529
4 1.12375
4 1.00483
4 1.15399
4 1.10388
4 1.00894
4 1.01282
4 1.05651
4 1.21538
4 1.0134
4 1.24593
4 1.10425
4 1.10479
4 1.21063
4 1.24335
4 1.11346
4 1.28026
4 1.11285
4 1.23139
4 1.07177
4 1.20688
4 1.00843
4 1.012
4 1.09968
4 1.08901
4 1.01655
4 1.07981
4 1.11046
4 1.11743
4 1.04713
4 1.07772
4 1.1552
4 1.10871
4 1.34276
4 1.14949
4 1.04928
4 1.03368
4 1.39385
4 1.01736
4 1.00063
4 1.24006
4 1.21428
4 1.00989
4 1.10781
4 1.32176
4 1.06767
4 1.10093
4 1.137
4 1.01924
4 1.29198
4 1.33825
4 1.05451
4 1.25269
4 1.13226
4 1.02434
4 1.07991
4 1.20082
4 1.20622
4 1.12403
4 1.02569
4 1.29436
4 1.11395
4 1.13732
4 1.21777
4 1.32102
4 1.01156
4 1.27685
4 1.12442
4 1.01045
4 1.37581
4 1.0422
4 1.11162
4 1.05368
4 1.10516
4 1.11701
4 1.31478
4 1.24039
4 1.06184
4 1.24798
4 1.13621
4 1.16462
4 1.07647
4 1.11069
4 1.16351
4 1.2013
4 1.00305
4 1.23279
4 1.03887
4 1.15747
4 1.01543
4 1.0812
4 1.06197
4 1.08704
4 1.01941
4 1.04278
4 1.25928
4 1.20328
4 1.14062
4 1.11161
4 1.06334
4 1.03353
4 1.04078
4 1.07288
4 1.33025
4 1.1413
4 1.1715
4 1.00926
4 1.01191
4 1.01247
4 1.06165
4 1.11911
4 1.09121
4 1.21509
4 1.20942
4 1.01159
4 1.19106
4 1.10721
4 1.18116
4 1.05792
4 1.10423
4 1.03788
4 1.29152
4 1.14475
4 1.05063
4 1.33103
4 1.02932
4 1.08648
4 1.22428
4 1.01652
4 1.02055
4 1.25458
4 1.16247
4 1.08903
4 1.05493
4 1.05397
4 1.05153
4 1.04155
4 1.10501
4 1.05586
4 1.11562
4 1.11505
4 1.14147
4 1.10765
4 1.01672
4 1.00761
4 1.28391
4 1.2813
4 1.20696
4 1.08972
4 1.03717
4 1.10841
4 1.08186
4 1.08441
4 1.3176
4 1.1869
4 1.08697
4 1.00846
4 1.00806
4 1.09773
4 1.19648
4 1.10516
4 1.02731
4 1.27173
4 1.10987
4 1.22054
4 1.25323
4 1.07405
4 1.00613
4 1.12963
4 1.23437
4 1.11381
4 1.01559
4 1.21466
4 1.01035
4 1.08649
4 1.09513
4 1.10769
4 1.16034
4 1.32742
4 1.07394
4 1.10355
4 1.02886
4 1.3211
4 1.03879
4 1.21159
4 1.08467
4 1.16623
4 1.04667
4 1.01889
4 1.15259
4 1.16641
4 1.30453
4 1.13261
4 1.13856
4 1.00588
4 1.00213
4 1.32446
4 1.08895
4 1.32452
4 1.00867
4 1.04983
4 1.05793
4 1.07136
4 1.11337
4 1.01213
4 1.11443
4 1.15745
4 1.02929
4 1.04651
4 1.14887
4 1.06188
4 1.00197
4 1.17812
4 1.09595
4 1.0918
4 1.0621
4 1.24344
4 1.19835
4 1.15265
4 1.05573
4 1.08214
4 1.13108
4 1.06238
4 1.06249
4 1.00694
4 1.09492
4 1.17322
4 1.00401
4 1.19191
4 1.03473
4 1.22903
4 1.01967
4 1.10579
4 1.16498
4 1.21262
