4 1.00303
4 1.14058
4 1.12079
4 1.09452
4 1.01727
4 1.15399
4 1.16267
4 1.18299
4 1.05363
4 1.03595
4 1.02726
4 1.22844
4 1.00451
4 1.08177
4 1.04905
4 1.05154
4 1.01076
4 1.02047
4 1.24744
4 1.17742
4 1.18831
4 1.18389
4 1.22264
4 1.05476
4 1.16589
4 1.13707
4 1.22799
4 1.03626
4 1.17666
4 1.07125
4 1.13896
4 1.09006
4 1.13698
4 1.00381
4 1.24536
4 1.14104
4 1.11562
4 1.18464
4 1.28781
4 1.10846
4 1.30508
4 1.10137
4 1.2862
4 1.11352
4 1.05973
4 1.17551
4 1.07212
4 1.13678
4 1.16539
4 1.24517
4 1.24998
4 1.031
4 1.09021
4 1.13506
4 1.0102
4 1.18666
4 1.16611
4 1.10961
4 1.14848
4 1.13444
4 1.06153
4 1.35772
4 1.22626
4 1.25762
4 1.08697
4 1.08677
4 1.09003
4 1.21524
4 1.01714
4 1.10133
4 1.26181
4 1.29197
4 1.17294
4 1.24072
4 1.13486
4 1.15049
4 1.01916
4 1.04199
4 1.2032
4 1.01554
4 1.20846
4 1.10522
4 1.05597
4 1.11911
4 1.0349
4 1.07093
4 1.08286
4 1.03234
4 1.0464
4 1.04712
4 1.13148
4 1.12764
4 1.15268
4 1.01464
4 1.14833
4 1.19312
4 1.00471
4 1.02147
4 1.24184
4 1.05794
4 1.02138
4 1.10501
4 1.05141
4 1.1401
4 1.00724
4 1.16523
4 1.22347
4 1.01729
4 1.21807
4 1.23828
4 1.06232
4 1.29677
4 1.10119
4 1.01969
4 1.00559
4 1.13191
4 1.01562
4 1.06641
4 1.07961
4 1.10563
4 1.19897
4 1.1007
4 1.08351
4 1.00988
4 1.0886
4 1.05172
4 1.05736
4 1.20586
4 1.04601
4 1.02842
4 1.23467
4 1.11626
4 1.12988
4 1.05448
4 1.02351
4 1.05245
4 1.13485
4 1.0434
4 1.25077
4 1.15955
4 1.14778
4 1.06921
4 1.12734
4 1.03387
4 1.29597
4 1.15475
4 1.02702
4 1.03965
4 1.39906
4 1.0142
4 1.09942
4 1.00125
4 1.09625
4 1.0421
4 1.09885
4 1.17524
4 1.16261
4 1.04932
4 1.07668
4 1.11883
4 1.13483
4 1.04923
4 1.15334
4 1.21155
4 1.114
4 1.07065
4 1.05339
4 1.16051
4 1.07499
4 1.013
4 1.10574
4 1.03684
4 1.31635
4 1.00626
4 1.11541
4 1.03326
4 1.0289
4 1.1813
4 1.21136
4 1.00009
4 1.06955
4 1.01392
4 1.07396
4 1.04134
4 1.15779
4 1.07764
4 1.02564
4 1.04361
4 1.00659
4 1.10565
4 1.07848
4 1.09338
4 1.13638
4 1.11139
4 1.01984
4 1.12432
4 1.18304
4 1.08756
4 1.09901
4 1.18004
4 1.06984
4 1.09552
4 1.1647
4 1.03196
4 1.11454
4 1.1036
4 1.04319
4 1.01879
4 1.11145
4 1.10065
4 1.18269
4 1.16327
4 1.27189
4 1.37106
4 1.23847
4 1.10148
4 1.05163
4 1.10226
4 1.1151
4 1.0109
4 1.22096
4 1.00838
4 1.20099
4 1.14292
4 1.27968
4 1.06667
4 1.08004
4 1.34188
4 1.37809
4 1.13647
4 1.02245
4 1.23802
4 1.02335
4 1.14417
4 1.01631
4 1.16315
4 1.05971
4 1.14748
4 1.01313
4 1.08172
4 1.02043
4 1.06895
4 1.04162
4 1.03056
4 1.31246
4 1.17028
4 1.09279
4 1.01878
4 1.09053
4 1.0499
4 1.32104
4 1.08332
4 1.1446
4 1.28907
4 1.01308
4 1.10814
4 1.25056
4 1.15073
4 1.30347
4 1.0566
4 1.22626
4 1.24613
4 1.0923
4 1.28788
4 1.02316
4 1.00249
4 1.03914
4 1.01345
4 1.33011
4 1.27051
4 1.16324
4 1.06623
4 1.05602
4 1.1562
4 1.31831
4 1.19983
4 1.04046
4 1.29414
4 1.20791
4 1.01534
4 1.12821
4 1.06928
4 1.05512
4 1.03572
4 1.06152
4 1.11781
4 1.06474
4 1.03261
4 1.07524
4 1.1174
4 1.11152
4 1.00911
4 1.00335
4 1.24895
4 1.07155
4 1.192
4 1.01979
4 1.16755
4 1.07975
4 1.16086
4 1.07087
4 1.11685
4 1.01083
4 1.04264
4 1.20047
4 1.14863
4 1.09838
4 1.26357
4 1.27996
4 1.19311
4 1.06306
4 1.18827
4 1.31214
4 1.17303
4 1.04828
4 1.05937
4 1.07204
4 1.06616
4 1.18903
4 1.11393
4 1.00993
4 1.07094
4 1.07785
4 1.34227
4 1.24735
4 1.20203
4 1.06003
4 1.07597
4 1.07805
4 1.16425
4 1.2673
4 1.03981
4 1.17846
4 1.18273
4 1.20977
4 1.16327
4 1.11259
4 1.25693
4 1.0338
4 1.27464
4 1.03747
4 1.09755
4 1.07366
4 1.25505
4 1.09245
4 1.32116
4 1.01131
4 1.20366
4 1.0772
4 1.04907
4 1.08307
4 1.17503
4 1.15652
4 1.07447
4 1.15063
4 1.0514
4 1.17632
4 1.07969
4 1.0194
4 1.21469
4 1.12339
4 1.08916
4 1.08125
4 1.04303
4 1.07981
4 1.23239
4 1.09924
4 1.28399
4 1.25961
4 1.17967
4 1.15577
4 1.2079
4 1.0927
4 1.00545
4 1.16507
4 1.38453
4 1.27956
4 1.03389
4 1.00449
4 1.02894
4 1.12428
4 1.25464
4 1.01783
4 1.25315
4 1.03447
4 1.21586
4 1.26567
4 1.11323
4 1.25957
4 1.12815
4 1.01511
4 1.05987
4 1.16883
4 1.11158
4 1.12714
4 1.22446
4 1.12937
4 1.04619
4 1.055
4 1.05126
4 1.08016
4 1.0442
4 1.14527
4 1.03071
4 1.13316
4 1.00031
4 1.02297
4 1.14068
4 1.17393
4 1.27778
4 1.10405
4 1.03062
4 1.26856
4 1.1671
4 1.11093
4 1.00236
4 1.00124
4 1.16285
4 1.07416
4 1.04093
4 1.12709
4 1.00678
4 1.1905
4 1.1433
4 1.17768
4 1.03779
4 1.35536
4 1.01181
4 1.01192
4 1.03289
4 1.30909
4 1.00584
4 1.01807
4 1.01601
4 1.25366
4 1.17251
4 1.0497
4 1.24283
4 1.21448
4 1.09228
4 1.06037
4 1.04205
4 1.03463
4 1.03942
4 1.29211
4 1.25451
4 1.01555
4 1.09078
4 1.19616
4 1.0494
4 1.19475
4 1.16159
4 1.16608
4 1.24947
4 1.18903
4 1.07606
4 1.17277
4 1.31743
4 1.17761
4 1.01355
4 1.08052
4 1.05513
4 1.11173
4 1.12832
4 1.1489
4 1.09218
4 1.0383
4 1.00133
4 1.26426
4 1.11203
4 1.09561
4 1.15127
4 1.03959
4 1.19359
4 1.05322
4 1.02334
4 1.07419
4 1.07058
4 1.06836
4 1.22114
4 1.24187
4 1.04442
4 1.13038
4 1.01122
4 1.02141
4 1.27396
4 1.20494
4 1.01235
4 1.14439
4 1.23378
4 1.08611
4 1.30441
4 1.05202
4 1.05215
4 1.01747
4 1.0107
4 1.01714
4 1.23472
4 1.04462
4 1.01579
4 1.07736
4 1.04913
4 1.14051
4 1.06405
4 1.27569
4 1.05449
4 1.02892
4 1.22349
4 1.07092
4 1.17025
4 1.07052
4 1.00163
4 1.24431
4 1.00005
4 1.02929
4 1.29929
4 1.05474
4 1.13406
4 1.00583
4 1.09581
4 1.04373
4 1.06798
4 1.00216
4 1.23603
4 1.10139
4 1.19304
4 1.12024
4 1.10147
4 1.05031
4 1.07932
4 1.13544
4 1.04381
4 1.00019
4 1.2556
4 1.06243
4 1.13411
4 1.25472
4 1.1993
4 1.14077
4 1.02909
4 1.29599
4 1.15414
4 1.17084
4 1.06361
4 1.23187
4 1.11681
4 1.07752
4 1.02427
4 1.02154
4 1.05685
4 1.05154
4 1.13679
4 1.28583
4 1.20106
4 1.13956
4 1.20059
4 1.09453
4 1.19221
4 1.27228
4 1.02674
4 1.27854
4 1.07791
4 1.02433
4 1.02553
4 1.05132
4 1.1092
4 1.0392
4 1.34189
4 1.12801
4 1.00481
4 1.16072
4 1.25102
4 1.05374
4 1.19219
4 1.03317
4 1.05586
4 1.2685
4 1.3391
4 1.15005
4 1.20152
4 1.06242
4 1.15051
4 1.06376
4 1.00508
4 1.05826
4 1.26267
4 1.04994
4 1.06021
4 1.23024
4 1.1887
4 1.21624
4 1.19441
4 1.1962
4 1.07869
4 1.19774
4 1.20016
4 1.08503
4 1.13907
4 1.21116
4 1.3278
4 1.04497
4 1.19176
4 1.10641
4 1.13774
4 1.16379
4 1.08633
4 1.19391
4 1.01107
4 1.1441
4 1.08737
4 1.12899
4 1.15213
4 1.07249
4 1.076
4 1.18024
4 1.18067
4 1.1722
4 1.2611
4 1.05568
4 1.01398
4 1.03652
4 1.11388
4 1.01738
4 1.2304
4 1.0073
4 1.09212
4 1.06078
4 1.27075
4 1.14506
4 1.27252
4 1.39019
4 1.05146
4 1.03765
4 1.08736
4 1.02395
4 1.17939
4 1.19596
4 1.11864
4 1.04052
4 1.16422
4 1.27959
4 1.13676
4 1.03321
4 1.18652
4 1.04681
4 1.04635
4 1.05478
4 1.17048
4 1.13917
4 1.07409
4 1.04018
4 1.14845
4 1.056
4 1.19633
4 1.25483
4 1.12678
4 1.14647
4 1.27186
4 1.22254
4 1.21316
4 1.10641
4 1.37038
4 1.33142
4 1.08361
4 1.00043
4 1.246
4 1.23612
4 1.17964
4 1.31664
4 1.04897
4 1.07861
4 1.19304
4 1.08943
4 1.13433
4 1.16816
4 1.25771
4 1.07741
4 1.13385
4 1.09739
4 1.14739
4 1.21667
4 1.05453
4 1.21937
4 1.23704
4 1.02547
4 1.29689
4 1.12902
4 1.34225
4 1.03328
4 1.08525
4 1.21389
4 1.28851
4 1.19867
4 1.00518
4 1.1482
4 1.19081
4 1.05302
4 1.16799
4 1.1646
4 1.04961
4 1.04818
4 1.24232
4 1.05589
4 1.22323
4 1.12807
4 1.19921
4 1.24497
4 1.06375
4 1.10388
4 1.02673
4 1.27462
4 1.05778
4 1.32345
4 1.02398
4 1.14761
4 1.18739
4 1.04883
4 1.00796
4 1.32168
4 1.18773
4 1.15113
4 1.09077
4 1.08934
4 1.03666
4 1.05781
4 1.13576
4 1.34392
4 1.00846
4 1.05358
4 1.05529
4 1.32884
4 1.0859
4 1.18682
4 1.03069
4 1.15718
4 1.02823
4 1.14206
4 1.25444
4 1.03401
4 1.18413
4 1.19211
4 1.11787
4 1.25017
4 1.21224
4 1.09283
4 1.13698
4 1.32171
4 1.10315
4 1.30623
4 1.02693
4 1.13802
4 1.03282
4 1.17427
4 1.182
4 1.16227
4 1.06194
4 1.05053
4 1.23709
4 1.0137
4 1.05023
4 1.28247
4 1.26919
4 1.02943
4 1.12536
4 1.08764
4 1.14272
4 1.07904
4 1.16743
4 1.18732
4 1.20373
4 1.10021
4 1.10699
4 1.29023
4 1.29679
4 1.06262
4 1.24127
4 1.06395
4 1.03152
4 1.1544
4 1.17976
4 1.21982
4 1.3153
4 1.23728
4 1.13547
4 1.02336
4 1.30559
4 1.01369
4 1.35001
4 1.29132
4 1.07784
4 1.12462
4 1.10024
4 1.27951
4 1.04242
4 1.16984
4 1.02536
4 1.19404
4 1.00423
4 1.20217
4 1.07742
4 1.08223
4 1.0124
4 1.09133
4 1.01862
4 1.08262
4 1.14527
4 1.04006
4 1.33915
4 1.09862
4 1.19383
4 1.09858
4 1.0048
4 1.11297
4 1.09644
4 1.12383
4 1.36122
4 1.18637
4 1.12959
4 1.14758
4 1.13975
4 1.04423
4 1.15463
4 1.22123
4 1.36391
4 1.16794
4 1.12683
4 1.16394
4 1.10195
4 1.02607
4 1.30183
4 1.11338
4 1.33015
4 1.17748
4 1.29374
4 1.10586
4 1.05063
4 1.02184
4 1.34452
4 1.27242
4 1.01544
4 1.06029
4 1.02939
4 1.09882
4 1.03516
4 1.03044
4 1.22218
4 1.20505
4 1.19531
4 1.17222
4 1.01777
4 1.05543
4 1.01755
4 1.15719
4 1.25809
4 1.03425
4 1.03068
4 1.0413
4 1.32647
4 1.13978
4 1.0051
4 1.19661
4 1.06163
4 1.0072
4 1.06927
4 1.21456
4 1.30934
4 1.00536
4 1.22831
4 1.05638
4 1.01921
4 1.01301
4 1.08692
4 1.17352
4 1.00014
4 1.16486
4 1.26646
4 1.19509
4 1.22524
4 1.31393
4 1.00254
4 1.04898
4 1.0235
4 1.24282
4 1.07852
4 1.11234
4 1.01154
4 1.06223
4 1.06423
4 1.09215
4 1.2729
4 1.31379
4 1.01932
4 1.00415
4 1.17535
4 1.15146
4 1.08658
4 1.09418
4 1.10873
4 1.02064
4 1.26907
4 1.02693
4 1.02778
4 1.33169
4 1.00256
4 1.01489
4 1.05132
4 1.30924
4 1.08133
4 1.11756
4 1.11443
4 1.30666
4 1.28753
4 1.0652
4 1.10002
4 1.00788
4 1.32706
4 1.02868
4 1.17064
4 1.20629
4 1.02874
4 1.16214
4 1.17614
4 1.21022
4 1.08997
4 1.0673
4 1.03297
4 1.10736
4 1.24763
4 1.2697
4 1.05276
4 1.01219
4 1.00468
4 1.13789
4 1.06141
4 1.2599
4 1.15211
4 1.20983
4 1.17664
4 1.05699
4 1.10934
4 1.05867
4 1.17533
4 1.26266
4 1.10663
4 1.03752
4 1.23962
4 1.29558
4 1.25999
4 1.12506
4 1.04572
4 1.13093
4 1.00762
4 1.17238
4 1.06135
4 1.03913
4 1.10485
4 1.12208
4 1.09912
4 1.23832
4 1.05187
4 1.03599
4 1.01391
4 1.13615
4 1.04194
4 1.00853
4 1.22207
4 1.08136
4 1.1132
4 1.03363
4 1.04772
4 1.00406
4 1.01906
4 1.00301
4 1.08096
4 1.0605
4 1.12064
4 1.03344
4 1.05437
4 1.09192
4 1.20636
4 1.07327
4 1.07114
4 1.18234
4 1.20232
4 1.00594
4 1.18643
4 1.24973
4 1.20437
4 1.03343
4 1.08695
4 1.01317
4 1.13652
4 1.18961
4 1.08778
4 1.04428
4 1.33131
4 1.09674
4 1.06077
4 1.01251
4 1.22211
