5 1.2829
5 1.18103
5 1.00415
5 1.3192
5 1.2458
5 1.33072
5 1.24082
5 1.02556
5 1.14863
5 1.3236
5 1.2353
5 1.083
5 1.22909
5 1.19416
5 1.1219
5 1.09626
5 1.31059
5 1.38566
5 1.15709
5 1.22261
5 1.14824
5 1.27
5 1.19833
5 1.32052
5 1.3847
5 1.34507
5 1.101
5 1.27044
5 1.16664
5 1.04525
5 1.29944
5 1.20177
5 1.2582
5 1.04005
5 1.38612
5 1.3023
5 1.36514
5 1.05303
5 1.21797
5 1.25432
5 1.26382
5 1.16945
5 1.40106
5 1.07165
5 1.21273
5 1.19127
5 1.10261
5 1.23365
5 1.29909
5 1.09187
5 1.10939
5 1.08284
5 1.12585
5 1.26496
5 1.06355
5 1.27371
5 1.26824
5 1.1558
5 1.06503
5 1.35072
5 1.08516
5 1.27764
5 1.33844
5 1.37707
5 1.01447
5 1.21659
5 1.27416
5 1.2825
5 1.31614
5 1.17716
5 1.31245
5 1.03756
5 1.18515
5 1.22085
5 1.12163
5 1.18705
5 1.10786
5 1.22307
5 1.28475
5 1.18649
5 1.14425
5 1.24657
5 1.28615
5 1.17342
5 1.10729
5 1.26911
5 1.24332
5 1.33594
5 1.20557
5 1.24566
5 1.25591
5 1.2717
5 1.36038
5 1.18832
5 1.30746
5 1.17154
5 1.29523
5 1.1386
5 1.31744
5 1.07551
5 1.12575
5 1.14871
5 1.05728
5 1.31532
5 1.14614
5 1.12044
5 1.19261
5 1.26556
5 1.25528
5 1.32614
5 1.37679
5 1.28641
5 1.19723
5 1.22682
5 1.12836
5 1.11746
5 1.21615
5 1.14449
5 1.24603
5 1.11977
5 1.15366
5 1.31481
5 1.26831
5 1.3005
5 1.31318
5 1.23605
5 1.22076
5 1.26935
5 1.24476
5 1.13785
5 1.21984
5 1.22605
5 1.00642
5 1.34574
5 1.29359
5 1.06153
5 1.17049
5 1.09548
5 1.15569
5 1.37437
5 1.24062
5 1.08807
5 1.21807
5 1.19366
5 1.26138
5 1.03785
5 1.17704
5 1.39053
5 1.29426
5 1.17675
5 1.39754
5 1.12285
5 1.22338
5 1.23084
5 1.10226
5 1.26832
5 1.10554
5 1.13318
5 1.27245
5 1.26491
5 1.19239
5 1.18237
5 1.07368
5 1.19505
5 1.35313
5 1.24582
5 1.23914
5 1.1036
5 1.20707
5 1.10177
5 1.36012
5 1.25803
5 1.35053
5 1.32352
5 1.23473
5 1.3519
5 1.06468
5 1.3501
5 1.17779
5 1.15329
5 1.06203
5 1.21466
5 1.2011
5 1.28702
5 1.24522
5 1.14467
5 1.31652
5 1.15221
5 1.15873
5 1.39497
5 1.26639
5 1.22564
5 1.35723
5 1.2403
5 1.13096
5 1.30505
5 1.33722
5 1.16573
5 1.3207
5 1.23562
5 1.2402
5 1.34793
5 1.1294
5 1.23827
5 1.10849
5 1.15357
5 1.35913
5 1.06569
5 1.0403
5 1.20447
5 1.3782
5 1.40481
5 1.0895
5 1.32749
5 1.27568
5 1.05923
5 1.25541
5 1.27792
5 1.28047
5 1.14804
5 1.22105
5 1.22183
5 1.12663
5 1.08748
5 1.16974
5 1.32894
5 1.08768
5 1.19962
5 1.24843
5 1.08914
5 1.12071
5 1.22012
5 1.08843
5 1.19643
5 1.1855
5 1.32797
5 1.3242
5 1.30364
5 1.15069
5 1.16048
5 1.26649
5 1.20309
5 1.09871
5 1.09098
5 1.14845
5 1.19257
5 1.31309
5 1.14218
5 1.25646
5 1.24095
5 1.20637
5 1.24596
5 1.19753
5 1.32436
5 1.31872
5 1.1331
5 1.26009
5 1.35224
5 1.16447
5 1.16442
5 1.24921
5 1.04705
5 1.34286
5 1.22237
5 1.12307
5 1.16204
5 1.19542
5 1.18389
5 1.10263
5 1.17957
5 1.25305
5 1.07413
5 1.1561
5 1.12144
5 1.11232
5 1.32451
5 1.33525
5 1.22922
5 1.26638
5 1.15289
5 1.30996
5 1.18095
5 1.1361
5 1.09937
5 1.04643
5 1.26207
5 1.32523
5 1.08932
5 1.09599
5 1.03067
5 1.34236
5 1.23484
5 1.34901
5 1.33781
5 1.20594
5 1.14545
5 1.34038
5 1.26376
5 1.27789
5 1.35326
5 1.24082
5 1.36248
5 1.10348
5 1.25786
5 1.10394
5 1.22433
5 1.25037
5 1.24498
5 1.17903
5 1.13976
5 1.08255
5 1.29471
5 1.33996
5 1.16737
5 1.19056
5 1.02782
5 1.19938
5 1.23375
5 1.24467
5 1.22542
5 1.24926
5 1.21999
5 1.36863
5 1.2395
5 1.12102
5 1.09256
5 1.37841
5 1.18318
5 1.24756
5 1.11613
5 1.19068
5 1.0792
5 1.34559
5 1.35708
5 1.3143
5 1.34144
5 1.32167
5 1.31344
5 1.33879
5 1.29368
5 1.10711
5 1.12767
5 1.37855
5 1.12214
5 1.17271
5 1.12816
5 1.09438
5 1.39528
5 1.35134
5 1.20755
5 1.3073
5 1.018
5 1.20779
5 1.27575
5 1.10159
5 1.2467
5 1.34213
5 1.13893
5 1.11561
5 1.11985
5 1.14399
5 1.23408
5 1.12691
5 1.11538
5 1.34034
5 1.3346
5 1.15256
5 1.25642
5 1.29273
5 1.22324
5 1.20756
5 1.22916
5 1.27519
5 1.30357
5 1.23695
5 1.1588
5 1.1974
5 1.11436
5 1.10406
5 1.13532
5 1.27088
5 1.17207
5 1.20668
5 1.15202
5 1.107
5 1.15463
5 1.24524
5 1.36473
5 1.20538
5 1.2805
5 1.3728
5 1.36233
5 1.20394
5 1.25669
5 1.18904
5 1.27573
5 1.28559
5 1.0748
5 1.28269
5 1.20024
5 1.13212
5 1.24054
5 1.36273
5 1.2605
5 1.05008
5 1.02185
5 1.24499
5 1.11323
5 1.36307
5 1.1259
5 1.07375
5 1.23815
5 1.16863
5 1.26017
5 1.34678
5 1.24812
5 1.28072
5 1.21329
5 1.12924
5 1.33378
5 1.37307
5 1.10654
5 1.16717
5 1.28566
5 1.34874
5 1.14367
5 1.07391
5 1.31852
5 1.24041
5 1.19631
5 1.32951
5 1.15181
5 1.31893
5 1.27078
5 1.37325
5 1.1172
5 1.08943
5 1.22933
5 1.27716
5 1.04324
5 1.25694
5 1.03326
5 1.36443
5 1.27928
5 1.12779
5 1.11896
5 1.19902
5 1.06115
5 1.35225
5 1.21972
5 1.3201
5 1.09174
5 1.29697
5 1.0586
5 1.28843
5 1.21092
5 1.25256
5 1.19185
5 1.35812
5 1.16132
5 1.23824
5 1.25023
5 1.07126
5 1.09656
5 1.0855
5 1.33603
5 1.33618
5 1.31126
5 1.11894
5 1.11264
5 1.29774
5 1.2513
5 1.09913
5 1.40434
5 1.28247
5 1.24721
5 1.10799
5 1.13978
5 1.23365
5 1.37714
5 1.33391
5 1.221
5 1.14937
5 1.31986
5 1.25044
5 1.23868
5 1.1322
5 1.17226
5 1.17343
5 1.01831
5 1.31279
5 1.15874
5 1.35502
5 1.33962
5 1.32962
5 1.17663
5 1.1898
5 1.14721
5 1.19022
5 1.1907
5 1.33611
5 1.31116
5 1.32456
5 1.25319
5 1.22971
5 1.12446
5 1.21338
5 1.27589
5 1.29584
5 1.21095
5 1.20615
5 1.32669
5 1.09886
5 1.27431
5 1.14139
5 1.15101
5 1.17381
5 1.14201
5 1.20875
5 1.27094
5 1.27199
5 1.20437
5 1.21648
5 1.22663
5 1.32168
5 1.28841
5 1.12342
5 1.00429
5 1.27433
5 1.27822
5 1.09354
5 1.07378
5 1.18394
5 1.14902
5 1.26873
5 1.19563
5 1.31384
5 1.03727
5 1.22969
5 1.2451
5 1.28138
5 1.22594
5 1.12368
5 1.05749
5 1.22448
5 1.19198
5 1.21028
5 1.22736
5 1.09983
5 1.17722
5 1.20249
5 1.25494
5 1.38026
5 1.18357
5 1.39142
5 1.18074
5 1.09744
5 1.12003
5 1.24145
5 1.27741
5 1.22875
5 1.24895
5 1.40393
5 1.1901
5 1.17868
5 1.38688
5 1.28096
5 1.2479
5 1.20407
5 1.06835
5 1.12006
5 1.31635
5 1.19032
5 1.17937
5 1.35898
5 1.25816
5 1.08189
5 1.06001
5 1.18688
5 1.13618
5 1.19755
5 1.23304
5 1.05867
5 1.29714
5 1.23533
5 1.22374
5 1.28918
5 1.27147
5 1.18492
5 1.17967
5 1.19753
5 1.12293
5 1.39966
5 1.27832
5 1.27609
5 1.21451
5 1.39734
5 1.29929
5 1.1406
5 1.30855
5 1.27746
5 1.29543
5 1.23279
5 1.09736
5 1.19772
5 1.13141
5 1.30868
5 1.05877
5 1.22379
5 1.2618
5 1.05908
5 1.31345
5 1.23027
5 1.29794
5 1.17756
5 1.02138
5 1.36868
5 1.06871
5 1.16318
5 1.3636
5 1.30578
5 1.23422
5 1.31396
5 1.27345
5 1.12893
5 1.33549
5 1.27952
5 1.27674
5 1.05917
5 1.18406
5 1.15316
5 1.1876
5 1.20295
5 1.34309
5 1.14828
5 1.15448
5 1.37608
5 1.15281
5 1.26805
5 1.18503
5 1.32404
5 1.1903
5 1.20002
5 1.21458
5 1.32796
5 1.22709
5 1.08906
5 1.09728
5 1.04689
5 1.15368
5 1.18112
5 1.10741
5 1.20592
5 1.16358
5 1.07633
5 1.19052
5 1.2623
5 1.213
5 1.12268
5 1.14204
5 1.0989
5 1.30738
5 1.24487
5 1.29893
5 1.18396
5 1.0473
5 1.26785
5 1.16113
5 1.2782
5 1.16331
5 1.32661
5 1.24693
5 1.11922
5 1.14039
5 1.16644
5 1.32439
5 1.10807
5 1.19815
5 1.36908
5 1.22652
5 1.13648
5 1.26812
5 1.12417
5 1.38015
5 1.20124
5 1.16056
5 1.08752
5 1.19673
5 1.22507
5 1.05648
5 1.12833
5 1.30536
5 1.18394
5 1.18557
5 1.08708
5 1.23827
5 1.31963
5 1.168
5 1.09524
5 1.3487
5 1.29033
5 1.04216
5 1.23801
5 1.25373
5 1.2646
5 1.26277
5 1.23051
5 1.12679
5 1.18651
5 1.19285
5 1.33648
5 1.115
5 1.23945
5 1.29434
5 1.05532
5 1.25238
5 1.27286
5 1.1389
5 1.2252
5 1.17235
5 1.21662
5 1.31769
5 1.24589
5 1.15039
5 1.06749
5 1.16268
5 1.08347
5 1.36317
5 1.05254
5 1.10955
5 1.32274
5 1.16685
5 1.27797
5 1.21989
5 1.29995
5 1.12119
5 1.18946
5 1.18035
5 1.2138
5 1.32205
5 1.2515
5 1.1411
5 1.15908
5 1.06718
5 1.29609
5 1.35925
5 1.20585
5 1.17026
5 1.19841
5 1.06985
5 1.03996
5 1.25483
5 1.0787
5 1.20229
5 1.06629
5 1.23326
5 1.10747
5 1.32849
5 1.07275
5 1.14795
5 1.10672
5 1.28452
5 1.27766
5 1.33898
5 1.32768
5 1.10117
5 1.15963
5 1.02042
5 1.19691
5 1.14783
5 1.29669
5 1.24023
5 1.27363
5 1.0983
5 1.10566
5 1.30385
5 1.15822
5 1.12988
5 1.40724
5 1.20583
5 1.05693
5 1.40822
5 1.10512
5 1.27103
5 1.32058
5 1.28012
5 1.10262
5 1.03058
5 1.35077
5 1.18834
5 1.10244
5 1.39407
5 1.33785
5 1.25081
5 1.11464
5 1.09967
5 1.2287
5 1.39123
5 1.18735
5 1.21931
5 1.25864
5 1.3931
5 1.06131
5 1.38803
5 1.03788
5 1.15308
5 1.18782
5 1.11029
5 1.1314
5 1.27911
5 1.23614
5 1.32643
5 1.02846
5 1.26105
5 1.31489
5 1.24486
5 1.2284
5 1.04268
5 1.1314
5 1.29222
5 1.21469
5 1.11691
5 1.0741
5 1.09915
5 1.31496
5 1.12619
5 1.15245
5 1.0042
5 1.1118
5 1.12048
5 1.0877
5 1.23188
5 1.02825
5 1.30917
5 1.25857
5 1.05631
5 1.26054
5 1.26753
5 1.19409
5 1.31912
5 1.33975
5 1.17508
5 1.05444
5 1.29483
5 1.28053
5 1.26453
5 1.08819
5 1.31169
5 1.15827
5 1.38975
5 1.26769
5 1.27486
5 1.31013
5 1.35838
5 1.37207
5 1.23714
5 1.2448
5 1.22879
5 1.12453
5 1.03957
5 1.33642
5 1.01515
5 1.27694
5 1.16368
5 1.06005
5 1.12788
5 1.30549
5 1.04101
5 1.19117
5 1.04943
5 1.09406
5 1.28372
5 1.13705
5 1.06697
5 1.10855
5 1.27283
5 1.22141
5 1.04892
5 1.16556
5 1.31158
5 1.09098
5 1.29195
5 1.19043
5 1.17665
5 1.1557
5 1.21367
5 1.22814
5 1.38526
5 1.02384
5 1.08568
5 1.31124
5 1.27895
5 1.1289
5 1.33877
5 1.19439
5 1.04739
5 1.11371
5 1.37134
5 1.0776
5 1.26133
5 1.17207
5 1.16838
5 1.18847
5 1.30613
5 1.37143
5 1.14562
5 1.22597
5 1.16839
5 1.06415
5 1.3334
5 1.18887
5 1.2526
5 1.13622
5 1.3299
5 1.27915
5 1.14387
5 1.32326
5 1.32643
5 1.00325
5 1.31213
5 1.27875
5 1.38428
5 1.17669
5 1.32148
5 1.27132
5 1.35313
5 1.06754
5 1.31946
5 1.13862
5 1.26093
5 1.3005
5 1.22046
5 1.08254
5 1.29203
5 1.18794
5 1.09295
5 1.11477
5 1.36075
5 1.28277
5 1.31925
5 1.03188
5 1.16098
5 1.40089
5 1.26739
5 1.15056
5 1.20368
5 1.06256
5 1.2917
5 1.16796
5 1.17197
5 1.19637
5 1.28476
5 1.13325
5 1.33913
5 1.3248
5 1.20246
5 1.12819
5 1.1236
5 1.2427
5 1.01447
5 1.21263
5 1.33229
5 1.13259
5 1.22183
5 1.04531
5 1.15347
5 1.29236
5 1.29624
5 1.15864
5 1.34447
5 1.35513
5 1.16384
5 1.2453
5 1.26148
5 1.11032
5 1.20308
5 1.19965
5 1.25606
5 1.34131
5 1.33819
5 1.04236
5 1.30583
5 1.13282
5 1.09851
5 1.41069
5 1.00568
5 1.12838
5 1.37836
5 1.07648
5 1.08214
5 1.23244
5 1.03974
5 1.23912
5 1.31788
5 1.16539
5 1.30285
5 1.27792
5 1.18001
5 1.14486
5 1.25556
