3 1
4 1.41421
5 1.23607
6 1.36603
7 1.33513
8 1.47247
9 1.3473
10 1.48459
11 1.40009
12 1.38366
13 1.41842
14 1.43824
15 1.41811
16 1.47997
17 1.40844
18 1.50048
19 1.45952
20 1.48844
21 1.45498
22 1.46153
23 1.44851
24 1.40133
25 1.46576
26 1.4342
27 1.48562
28 1.4508
29 1.48814
30 1.46232
31 1.45123
32 1.48091
33 1.44274
34 1.48845
35 1.47704
36 1.50114
37 1.4703
38 1.50193
39 1.49035
40 1.48892
41 1.4856
42 1.49346
43 1.49126
44 1.46479
45 1.4786
46 1.45137
47 1.44126
48 1.45441
49 1.43525
50 1.466
51 1.45706
52 1.4729
53 1.46098
54 1.48582
55 1.47367
56 1.48318
57 1.48495
58 1.4883
59 1.4862
60 1.48984
61 1.48323
62 1.47936
63 1.47612
64 1.48103
65 1.47996
66 1.48611
67 1.47206
68 1.4948
69 1.48143
70 1.49949
71 1.48447
72 1.50122
73 1.4879
74 1.50537
75 1.49314
76 1.50256
77 1.49991
78 1.49682
79 1.49944
80 1.48898
81 1.50199
82 1.49469
83 1.49258
84 1.49618
85 1.48414
86 1.4917
87 1.48869
88 1.4757
89 1.4819
90 1.47864
91 1.46758
92 1.47147
93 1.4674
94 1.45606
95 1.44825
96 1.45473
97 1.44798
98 1.46236
99 1.46689
100 1.46604
101 1.46913
102 1.46969
103 1.47208
104 1.47315
105 1.47388
106 1.47886
107 1.47785
108 1.48584
109 1.48574
110 1.48554
111 1.48365
112 1.48479
113 1.48617
114 1.48582
115 1.49076
116 1.49011
117 1.48713
118 1.49066
119 1.48361
120 1.49
121 1.48816
122 1.48517
123 1.48419
124 1.48169
125 1.48631
126 1.47679
127 1.47383
128 1.48105
129 1.47169
130 1.48391
131 1.48588
132 1.4887
133 1.49252
134 1.49142
135 1.49464
136 1.49482
137 1.48584
138 1.49707
139 1.48914
140 1.4996
141 1.49479
142 1.50102
143 1.49597
144 1.50123
145 1.49707
146 1.504
147 1.4997
148 1.50595
149 1.50221
150 1.5046
151 1.50631
152 1.50257
153 1.50673
154 1.49997
155 1.5047
156 1.50014
157 1.50519
158 1.50501
159 1.50111
160 1.4999
161 1.50031
162 1.502
163 1.50132
164 1.49849
165 1.49847
166 1.49737
167 1.49776
168 1.49618
169 1.49296
170 1.49172
171 1.49183
172 1.49171
173 1.4868
174 1.48872
175 1.48784
176 1.48292
177 1.48358
178 1.4823
179 1.47815
180 1.47865
181 1.47658
182 1.47252
183 1.47387
184 1.47147
185 1.46648
186 1.46744
187 1.46654
188 1.46001
189 1.4624
190 1.46179
191 1.45544
192 1.45473
193 1.45705
194 1.45945
195 1.45888
196 1.4627
197 1.46027
198 1.46733
199 1.46196
200 1.46957
201 1.46559
202 1.46953
203 1.46984
204 1.47203
205 1.47469
206 1.47285
207 1.4779
208 1.47347
209 1.48044
210 1.4754
211 1.48093
212 1.4791
213 1.48124
214 1.48242
215 1.48129
216 1.48585
217 1.48642
218 1.48638
219 1.48317
220 1.48725
221 1.48617
222 1.48468
223 1.48921
224 1.48522
225 1.4905
226 1.48617
227 1.49065
228 1.48904
229 1.49022
230 1.49079
231 1.4895
232 1.49029
233 1.4885
234 1.48952
235 1.49085
236 1.49068
237 1.48921
238 1.4918
239 1.48819
240 1.49
241 1.48731
242 1.48818
243 1.48842
244 1.48601
245 1.4895
246 1.48421
247 1.4878
248 1.48624
249 1.4846
250 1.48633
251 1.48312
252 1.48617
253 1.48237
254 1.48237
255 1.48327
256 1.48105
257 1.48332
258 1.48308
259 1.48229
260 1.48429
261 1.48397
262 1.48713
263 1.48599
264 1.48784
265 1.48795
266 1.49048
267 1.48903
268 1.49205
269 1.48949
270 1.49314
271 1.49349
272 1.49482
273 1.49495
274 1.49644
275 1.49241
276 1.49708
277 1.49948
278 1.49883
279 1.49546
280 1.4996
281 1.50004
282 1.49943
283 1.50052
284 1.50103
285 1.49978
286 1.50027
287 1.50055
288 1.50123
289 1.50175
290 1.50264
291 1.50307
292 1.50401
293 1.50436
294 1.50534
295 1.5056
296 1.50595
297 1.50696
298 1.50541
299 1.50622
300 1.50461
301 1.50455
302 1.50632
303 1.50568
304 1.5074
305 1.50659
306 1.50673
307 1.50581
308 1.50539
309 1.50441
310 1.50471
311 1.50452
312 1.50583
313 1.50557
314 1.50519
315 1.50469
316 1.50502
317 1.50365
318 1.5033
319 1.50447
320 1.50045
321 1.50386
322 1.50149
323 1.50169
324 1.502
325 1.50177
326 1.50132
327 1.49888
328 1.50031
329 1.50023
330 1.49848
331 1.4995
332 1.49743
333 1.49801
334 1.49776
335 1.49463
336 1.49637
337 1.49591
338 1.49351
339 1.49565
340 1.4932
341 1.49248
342 1.49267
343 1.49054
344 1.49171
345 1.49045
346 1.48791
347 1.49032
348 1.48872
349 1.48668
350 1.48784
351 1.48644
352 1.48522
353 1.48504
354 1.48399
355 1.4835
356 1.4823
357 1.48109
358 1.48154
359 1.47961
360 1.47865
361 1.47936
362 1.47711
363 1.47624
364 1.47694
365 1.47459
366 1.47388
367 1.47432
368 1.47172
369 1.47082
370 1.47148
371 1.46898
372 1.46744
373 1.46845
374 1.46654
375 1.4646
376 1.46522
377 1.46414
378 1.46245
379 1.4618
380 1.46179
381 1.45885
382 1.45821
383 1.45619
384 1.45473
385 1.45727
386 1.45712
387 1.46044
388 1.45949
389 1.46158
390 1.46139
391 1.46282
392 1.46271
393 1.46337
394 1.46509
395 1.46443
396 1.46742
397 1.46509
398 1.46727
399 1.46694
400 1.46958
401 1.46888
402 1.47046
403 1.47086
404 1.47103
405 1.47301
406 1.47155
407 1.47497
408 1.47204
409 1.47568
410 1.47394
411 1.47514
412 1.4757
413 1.47597
414 1.4779
415 1.47672
416 1.47962
417 1.47699
418 1.48045
419 1.47856
420 1.48062
421 1.4802
422 1.48097
423 1.48204
424 1.48113
425 1.48383
426 1.48124
427 1.48405
428 1.4841
429 1.48394
430 1.48415
431 1.48464
432 1.48585
433 1.48397
434 1.48671
435 1.48501
436 1.48739
437 1.48605
438 1.4876
439 1.48765
440 1.48806
441 1.4886
442 1.4868
443 1.4891
444 1.48874
445 1.48907
446 1.48923
447 1.48883
448 1.48985
449 1.4882
450 1.4905
451 1.48915
452 1.49075
453 1.4906
454 1.49065
455 1.4905
456 1.49047
457 1.4905
458 1.49043
459 1.49052
460 1.49079
461 1.49054
462 1.49093
463 1.49115
464 1.49029
465 1.49174
466 1.49008
467 1.49199
468 1.48977
469 1.49133
470 1.49085
471 1.4906
472 1.49068
473 1.4898
474 1.49125
475 1.49032
476 1.49182
477 1.49005
478 1.49105
479 1.48961
480 1.49
481 1.49016
482 1.48893
483 1.49057
484 1.48818
485 1.49062
486 1.48842
487 1.48933
488 1.48896
489 1.48799
490 1.4895
491 1.48684
492 1.48931
493 1.48738
494 1.4878
495 1.48791
496 1.48624
497 1.48842
498 1.4858
499 1.48719
500 1.48633
501 1.48546
502 1.48685
503 1.48427
504 1.48619
505 1.48478
506 1.48431
507 1.48529
508 1.48275
509 1.48477
510 1.48327
511 1.48076
512 1.48105
513 1.48156
514 1.48426
515 1.48397
516 1.48425
517 1.48532
518 1.48526
519 1.48689
520 1.48504
521 1.48457
522 1.486
523 1.48392
524 1.4859
525 1.48959
526 1.48691
527 1.48627
528 1.48987
529 1.48723
530 1.48961
531 1.48723
532 1.49049
533 1.48998
534 1.49129
535 1.48976
536 1.49205
537 1.49033
538 1.4923
539 1.49105
540 1.4935
541 1.49505
542 1.49509
543 1.49627
544 1.49482
545 1.49313
546 1.49543
547 1.4942
548 1.49644
549 1.49475
550 1.49657
551 1.49554
552 1.49791
553 1.49632
554 1.49856
555 1.49709
556 1.5006
557 1.49785
558 1.49943
559 1.49922
560 1.49879
561 1.49933
562 1.49912
563 1.50138
564 1.5003
565 1.50077
566 1.49969
567 1.50148
568 1.49992
569 1.50218
570 1.5009
571 1.50287
572 1.50312
573 1.50325
574 1.50405
575 1.50353
576 1.50123
577 1.50399
578 1.50537
579 1.50427
580 1.5057
581 1.50444
582 1.50333
583 1.50434
584 1.50494
585 1.5042
586 1.50469
587 1.50402
588 1.50535
589 1.50381
590 1.50587
591 1.50367
592 1.50668
593 1.50432
594 1.50696
595 1.50496
596 1.50542
597 1.50559
598 1.50503
599 1.50695
600 1.50461
601 1.50642
602 1.50548
603 1.50705
604 1.50516
605 1.50611
606 1.50577
607 1.50559
608 1.50741
609 1.50503
610 1.50659
611 1.50462
612 1.50673
613 1.50723
614 1.50608
615 1.50692
616 1.50581
617 1.50637
618 1.50467
619 1.5064
620 1.50471
621 1.5061
622 1.50528
623 1.50528
624 1.50584
625 1.50443
626 1.50586
627 1.50419
628 1.50564
629 1.50474
630 1.50469
631 1.50528
632 1.50502
633 1.50523
634 1.50365
635 1.50472
636 1.50418
637 1.50477
638 1.50447
639 1.50351
640 1.50388
641 1.5031
642 1.50386
643 1.50362
644 1.50246
645 1.50336
646 1.50169
647 1.50269
648 1.5024
649 1.50121
650 1.50251
651 1.501
652 1.5018
653 1.50171
654 1.50042
655 1.50143
656 1.50032
657 1.50075
658 1.50023
659 1.49929
660 1.50036
661 1.49962
662 1.4995
663 1.49908
664 1.49824
665 1.49919
666 1.49808
667 1.49803
668 1.49776
669 1.49754
670 1.49777
671 1.49686
672 1.49638
673 1.49673
674 1.49591
675 1.49626
676 1.49522
677 1.49494
678 1.49565
679 1.49445
680 1.49429
681 1.49421
682 1.49342
683 1.49398
684 1.49273
685 1.49248
686 1.49314
687 1.49122
688 1.49171
689 1.49168
690 1.49045
691 1.49122
692 1.49024
693 1.48964
694 1.49032
695 1.4888
696 1.48872
697 1.48926
698 1.48738
699 1.48805
700 1.48784
701 1.48598
702 1.48732
703 1.48644
704 1.48522
705 1.48649
706 1.48505
707 1.48439
708 1.48528
709 1.48366
710 1.4835
711 1.48411
712 1.4823
713 1.48255
714 1.48275
715 1.48095
716 1.48155
717 1.48139
718 1.47961
719 1.48048
720 1.48005
721 1.4783
722 1.47936
723 1.47873
724 1.47711
725 1.47818
726 1.47704
727 1.47593
728 1.47695
729 1.47574
730 1.47459
731 1.47566
732 1.47445
733 1.47323
734 1.47432
735 1.47318
736 1.47183
737 1.47292
738 1.47192
739 1.47041
740 1.47148
741 1.47067
742 1.46899
743 1.46999
744 1.46943
745 1.46776
746 1.46845
747 1.4682
748 1.46654
749 1.46686
750 1.46698
751 1.46534
752 1.46522
753 1.46577
754 1.46414
755 1.46353
756 1.46451
757 1.46296
758 1.4618
759 1.46276
760 1.46179
761 1.46019
762 1.46097
763 1.46063
764 1.45904
765 1.45913
766 1.45948
767 1.4579
768 1.45672
769 1.45819
770 1.45855
771 1.45865
772 1.45983
773 1.459
774 1.46111
775 1.45959
776 1.46151
777 1.46069
778 1.46158
779 1.46192
780 1.46243
781 1.46315
782 1.46216
783 1.46436
784 1.46296
785 1.46433
786 1.46391
787 1.46458
788 1.46505
789 1.46594
790 1.46626
791 1.46638
792 1.46742
793 1.46666
794 1.46709
795 1.46716
796 1.46727
797 1.46807
798 1.46744
799 1.46919
800 1.46986
801 1.46965
802 1.46992
803 1.46992
804 1.46997
805 1.47222
806 1.47087
807 1.47139
808 1.47194
809 1.47128
810 1.47301
811 1.47175
812 1.47406
813 1.4734
814 1.47501
815 1.47364
816 1.47547
817 1.47452
818 1.47568
819 1.47555
820 1.47589
821 1.47656
822 1.47608
823 1.47757
824 1.47626
825 1.47805
826 1.47669
827 1.47821
828 1.47768
829 1.47806
830 1.47866
831 1.47851
832 1.47962
833 1.47863
834 1.48038
835 1.47898
836 1.48047
837 1.47993
838 1.48055
839 1.48087
840 1.48062
841 1.48201
842 1.48086
843 1.48238
844 1.48112
845 1.48241
846 1.48204
847 1.48243
848 1.48294
849 1.48265
850 1.48383
851 1.48293
852 1.48409
853 1.48334
854 1.48405
855 1.48402
856 1.484
857 1.48509
858 1.48437
859 1.48557
860 1.48468
861 1.48548
862 1.485
863 1.48537
864 1.48585
865 1.48526
866 1.48668
867 1.48609
868 1.48673
869 1.48674
870 1.48658
871 1.48678
872 1.48707
873 1.48759
874 1.48734
875 1.48777
876 1.48771
877 1.48755
878 1.48784
879 1.48828
880 1.48844
881 1.48876
882 1.4886
883 1.48849
884 1.48833
885 1.48847
886 1.4891
887 1.48924
888 1.48939
889 1.48924
890 1.48907
891 1.48912
892 1.48923
893 1.48988
894 1.48998
895 1.48982
896 1.48985
897 1.48945
898 1.49018
899 1.48993
900 1.4905
901 1.49048
902 1.49065
903 1.49009
904 1.49075
905 1.49055
906 1.49071
907 1.4906
908 1.49065
909 1.49031
910 1.49057
911 1.49063
912 1.491
913 1.49103
914 1.4905
915 1.49125
916 1.49043
917 1.49155
918 1.49112
919 1.49169
920 1.49079
921 1.49164
922 1.49102
923 1.49144
924 1.49093
925 1.49122
926 1.49115
927 1.49098
928 1.49145
929 1.491
930 1.49174
931 1.49063
932 1.49204
933 1.49074
934 1.49199
935 1.49099
936 1.49167
937 1.49121
938 1.49133
939 1.4915
940 1.49097
941 1.49179
942 1.4906
943 1.49205
944 1.49079
945 1.4918
946 1.49097
947 1.49138
948 1.49125
949 1.49094
950 1.49154
951 1.49049
952 1.49182
953 1.49044
954 1.49155
955 1.49072
956 1.49105
957 1.491
958 1.49053
959 1.49125
960 1.49
961 1.49139
962 1.49016
963 1.49093
964 1.49044
965 1.49038
966 1.49071
967 1.48979
968 1.49084
969 1.48949
970 1.49062
971 1.48976
972 1.48998
973 1.49003
974 1.48933
975 1.4903
976 1.48896
977 1.49007
978 1.48923
979 1.48938
980 1.4895
981 1.48867
982 1.48976
983 1.48843
984 1.48932
985 1.4887
986 1.48857
987 1.48897
988 1.4878
989 1.48914
990 1.48791
991 1.48835
992 1.48817
993 1.48755
994 1.48843
995 1.48713
996 1.48803
997 1.48737
998 1.48719
999 1.48763
