100 1.48348
100 1.48103
100 1.47095
100 1.4466
100 1.47429
100 1.5013
100 1.48004
100 1.48527
100 1.48623
100 1.45587
100 1.4773
100 1.46702
100 1.46291
100 1.48475
100 1.46787
100 1.48525
100 1.46961
100 1.46537
100 1.46343
100 1.47748
100 1.41402
100 1.46691
100 1.48763
100 1.48738
100 1.47891
100 1.46563
100 1.46751
100 1.46444
100 1.47471
100 1.48628
100 1.46304
100 1.46675
100 1.4732
100 1.47757
100 1.46904
100 1.47206
100 1.47738
100 1.48131
100 1.48019
100 1.47959
100 1.47899
100 1.47753
100 1.47762
100 1.47323
100 1.49061
100 1.46946
100 1.43521
100 1.4745
100 1.48081
100 1.46349
100 1.47164
100 1.4755
100 1.45946
100 1.47263
100 1.47217
100 1.46982
100 1.48157
100 1.4666
100 1.4769
100 1.47087
100 1.48593
100 1.45522
100 1.46953
100 1.45673
100 1.49064
100 1.45959
100 1.47859
100 1.46836
100 1.4891
100 1.46723
100 1.46913
100 1.47923
100 1.48111
100 1.47053
100 1.48805
100 1.45716
100 1.47964
100 1.46647
100 1.4878
100 1.47404
100 1.50055
100 1.46305
100 1.47704
100 1.48694
100 1.49095
100 1.48015
100 1.41398
100 1.44772
100 1.43522
100 1.46349
100 1.48103
100 1.47527
100 1.48363
100 1.48018
100 1.48905
100 1.46697
100 1.47303
100 1.482
100 1.4847
100 1.47618
100 1.49272
100 1.48472
100 1.46368
100 1.45396
100 1.47931
100 1.46842
100 1.48774
100 1.47552
100 1.49091
100 1.47616
100 1.47548
100 1.47646
100 1.4664
100 1.48307
100 1.47596
100 1.48239
100 1.47746
100 1.48989
100 1.47732
100 1.47352
100 1.47884
100 1.45695
100 1.44796
100 1.45414
100 1.48216
100 1.46772
100 1.48672
100 1.4833
100 1.48217
100 1.47952
100 1.47736
100 1.48051
100 1.47514
100 1.48557
100 1.44956
100 1.46529
100 1.4572
100 1.4919
100 1.48797
100 1.48989
100 1.46378
100 1.49221
100 1.47861
100 1.48132
100 1.46419
100 1.48617
100 1.46972
100 1.46037
100 1.47828
100 1.48293
100 1.48589
100 1.47468
100 1.45149
100 1.45605
100 1.4772
100 1.48536
100 1.47134
100 1.46927
100 1.47252
100 1.46339
100 1.49325
100 1.47788
100 1.49362
100 1.46686
100 1.47852
100 1.46887
100 1.47821
100 1.47477
100 1.46779
100 1.47256
100 1.45471
100 1.47486
100 1.49454
100 1.47693
100 1.46889
100 1.46763
100 1.48403
100 1.48491
100 1.48037
100 1.48324
100 1.48183
100 1.46107
100 1.49067
100 1.47955
100 1.46634
100 1.47206
100 1.44952
100 1.48648
100 1.48054
100 1.47478
100 1.46403
100 1.45801
100 1.46146
100 1.44539
100 1.47777
100 1.47903
100 1.4773
100 1.45665
100 1.48833
100 1.48476
100 1.46229
100 1.45399
100 1.48759
100 1.47325
100 1.48109
100 1.48143
100 1.47786
100 1.47911
100 1.48604
100 1.48032
100 1.48652
100 1.47819
100 1.48167
100 1.45791
100 1.48938
100 1.48388
100 1.47843
100 1.45139
100 1.47312
100 1.45871
100 1.49639
100 1.45854
100 1.47546
100 1.47075
100 1.47237
100 1.46678
100 1.48168
100 1.47612
100 1.47773
100 1.45315
100 1.47908
100 1.47085
100 1.45563
100 1.47406
100 1.44207
100 1.47676
100 1.46983
100 1.45292
100 1.45238
100 1.4671
100 1.46671
100 1.47389
100 1.47053
100 1.46862
100 1.4942
100 1.46171
100 1.48015
100 1.49257
100 1.47909
100 1.45822
100 1.48339
100 1.47498
100 1.46898
100 1.46435
100 1.46318
100 1.48894
100 1.47641
100 1.48058
100 1.4934
100 1.46768
100 1.4638
100 1.47097
100 1.47635
100 1.48599
100 1.45866
100 1.47894
100 1.46288
100 1.47424
100 1.49093
100 1.47602
100 1.47839
100 1.4745
100 1.46287
100 1.47543
100 1.48169
100 1.47704
100 1.47628
100 1.46553
100 1.48554
100 1.47968
100 1.46898
100 1.47682
100 1.46549
100 1.47751
100 1.46714
100 1.45963
100 1.47891
100 1.47215
100 1.47097
100 1.46176
100 1.47197
100 1.45506
100 1.46769
100 1.48166
100 1.46689
100 1.44107
100 1.48311
100 1.50029
100 1.48548
100 1.41629
100 1.48537
100 1.46395
100 1.48481
100 1.45588
100 1.47754
100 1.48514
100 1.46229
100 1.44529
100 1.48599
100 1.46318
100 1.47122
100 1.47943
100 1.4584
100 1.46527
100 1.48655
100 1.4914
100 1.4895
100 1.47424
100 1.45855
100 1.47301
100 1.46022
100 1.47677
100 1.49154
100 1.4753
100 1.47823
100 1.46449
100 1.46464
100 1.47154
100 1.48563
100 1.47704
100 1.47812
100 1.4862
100 1.49912
100 1.46994
100 1.47831
100 1.46894
100 1.46669
100 1.44995
100 1.47782
100 1.48851
100 1.46551
100 1.48538
100 1.47681
100 1.45291
100 1.48755
100 1.46287
100 1.48329
100 1.47856
100 1.47881
100 1.50015
100 1.48357
100 1.46658
100 1.46614
100 1.49739
100 1.48712
100 1.45951
100 1.44011
100 1.47371
100 1.47223
100 1.46657
100 1.46653
100 1.47837
100 1.47176
100 1.47133
100 1.46121
100 1.46934
100 1.47326
100 1.47001
100 1.48694
100 1.47806
100 1.47263
100 1.46142
100 1.46134
100 1.4757
100 1.46126
100 1.47624
100 1.47957
100 1.47661
100 1.47927
100 1.44194
100 1.46896
100 1.47969
100 1.44306
100 1.44534
100 1.48829
100 1.4945
100 1.4764
100 1.44781
100 1.4848
100 1.48616
100 1.49952
100 1.47605
100 1.47353
100 1.49064
100 1.479
100 1.47046
100 1.47197
100 1.47145
100 1.49133
100 1.45166
100 1.45265
100 1.48397
100 1.49151
100 1.47575
100 1.45572
100 1.44983
100 1.48939
100 1.48744
100 1.48082
100 1.46342
100 1.47421
100 1.46458
100 1.47551
100 1.47523
100 1.48634
100 1.47805
100 1.46561
100 1.48663
100 1.46008
100 1.48156
100 1.48306
100 1.45607
100 1.50109
100 1.43645
100 1.46924
100 1.47645
100 1.47525
100 1.47218
100 1.4739
100 1.47327
100 1.49328
100 1.47362
100 1.45016
100 1.48666
100 1.49235
100 1.46984
100 1.43855
100 1.47439
100 1.47382
100 1.46901
100 1.47392
100 1.49303
100 1.47488
100 1.48103
100 1.46186
100 1.47478
100 1.46741
100 1.46846
100 1.48065
100 1.45514
100 1.47729
100 1.41246
100 1.43951
100 1.47587
100 1.45371
100 1.48288
100 1.43653
100 1.40601
100 1.46907
100 1.46858
100 1.47031
100 1.45053
100 1.45456
100 1.49455
100 1.45957
100 1.4931
100 1.48746
100 1.47812
100 1.49322
100 1.48746
100 1.46962
100 1.4806
100 1.42681
100 1.47993
100 1.47887
100 1.49017
100 1.46142
100 1.48675
100 1.4425
100 1.47033
100 1.48267
100 1.47465
100 1.48021
100 1.48219
100 1.48686
100 1.48045
100 1.48599
100 1.46439
100 1.48326
100 1.46449
100 1.48671
100 1.46468
100 1.4778
100 1.46239
100 1.48964
100 1.48356
100 1.48681
100 1.47446
100 1.48903
100 1.47293
100 1.49027
100 1.47433
100 1.46607
100 1.48131
100 1.47026
100 1.48118
100 1.48415
100 1.47408
100 1.49122
100 1.46547
100 1.46826
100 1.49017
100 1.49141
100 1.48299
100 1.45112
100 1.48758
100 1.49146
100 1.49526
100 1.48635
100 1.48107
100 1.48981
100 1.48002
100 1.46087
100 1.47185
100 1.47804
100 1.47094
100 1.48962
100 1.4933
100 1.46356
100 1.45692
100 1.42969
100 1.47074
100 1.47518
100 1.4888
100 1.46212
100 1.49315
100 1.46191
100 1.47713
100 1.47364
100 1.44692
100 1.4752
100 1.48228
100 1.48478
100 1.45949
100 1.48418
100 1.49358
100 1.47405
100 1.47059
100 1.49223
100 1.47866
100 1.48052
100 1.4581
100 1.49306
100 1.46124
100 1.45714
100 1.47735
100 1.47983
100 1.48085
100 1.47054
100 1.47963
100 1.47933
100 1.48252
100 1.4798
100 1.49182
100 1.47636
100 1.49221
100 1.47215
100 1.45295
100 1.46305
100 1.4843
100 1.48368
100 1.48399
100 1.4732
100 1.48627
100 1.46751
100 1.47269
100 1.47458
100 1.46461
100 1.45628
100 1.48779
100 1.46978
100 1.46843
100 1.47597
100 1.45838
100 1.46973
100 1.48347
100 1.49077
100 1.45277
100 1.4481
100 1.45705
100 1.47536
100 1.48282
100 1.43115
100 1.45777
100 1.45564
100 1.47394
100 1.48823
100 1.48349
100 1.4832
100 1.48191
100 1.48824
100 1.47451
100 1.46132
100 1.48303
100 1.48239
100 1.48333
100 1.47544
100 1.46331
100 1.49153
100 1.46039
100 1.47011
100 1.49267
100 1.47942
100 1.44955
100 1.47808
100 1.47607
100 1.49073
100 1.47207
100 1.47688
100 1.469
100 1.49293
100 1.46863
100 1.48899
100 1.47025
100 1.47201
100 1.48349
100 1.48551
100 1.49167
100 1.46712
100 1.45989
100 1.47128
100 1.49765
100 1.48019
100 1.49615
100 1.4738
100 1.49136
100 1.48855
100 1.4861
100 1.48728
100 1.4551
100 1.47088
100 1.48357
100 1.47793
100 1.47652
100 1.45463
100 1.4558
100 1.49135
100 1.47282
100 1.48741
100 1.48743
100 1.46166
100 1.47856
100 1.48988
100 1.45833
100 1.4909
100 1.46942
100 1.4801
100 1.49204
100 1.47494
100 1.47498
100 1.47861
100 1.48485
100 1.47099
100 1.47453
100 1.47302
100 1.48662
100 1.45586
100 1.47019
100 1.47916
100 1.45658
100 1.49289
100 1.41759
100 1.48137
100 1.48593
100 1.49256
100 1.42209
100 1.45747
100 1.47091
100 1.47513
100 1.47811
100 1.47162
100 1.4862
100 1.45868
100 1.47445
100 1.47939
100 1.47946
100 1.47344
100 1.47917
100 1.47666
100 1.4954
100 1.48441
100 1.48674
100 1.46039
100 1.49255
100 1.47089
100 1.47735
100 1.43798
100 1.45679
100 1.48524
100 1.47176
100 1.47233
100 1.49288
100 1.47415
100 1.50149
100 1.47156
100 1.48423
100 1.4691
100 1.49108
100 1.49159
100 1.47274
100 1.49235
100 1.4816
100 1.47916
100 1.4738
100 1.48057
100 1.49842
100 1.48048
100 1.48901
100 1.49621
100 1.49277
100 1.48143
100 1.45925
100 1.46837
100 1.49457
100 1.48691
100 1.47332
100 1.45946
100 1.46614
100 1.48532
100 1.48803
100 1.47817
100 1.47195
100 1.47121
100 1.47539
100 1.46468
100 1.47307
100 1.49444
100 1.43911
100 1.47245
100 1.47577
100 1.43192
100 1.47479
100 1.47335
100 1.47353
100 1.48538
100 1.4705
100 1.46809
100 1.47426
100 1.44859
100 1.49271
100 1.45152
100 1.48062
100 1.47866
100 1.47275
100 1.47071
100 1.46357
100 1.50052
100 1.48015
100 1.47766
100 1.48237
100 1.48946
100 1.50191
100 1.4828
100 1.4685
100 1.48058
100 1.46961
100 1.47179
100 1.48538
100 1.48396
100 1.47823
100 1.4581
100 1.47698
100 1.49354
100 1.48418
100 1.50358
100 1.48116
100 1.48873
100 1.49171
100 1.47813
100 1.4672
100 1.46764
100 1.4688
100 1.47536
100 1.47438
100 1.47189
100 1.43084
100 1.4651
100 1.47999
100 1.49074
100 1.46217
100 1.48117
100 1.48846
100 1.47304
100 1.48544
100 1.48945
100 1.47843
100 1.48071
100 1.46161
100 1.48096
100 1.47022
100 1.45627
100 1.48173
100 1.46658
100 1.46789
100 1.48039
100 1.46068
100 1.48907
100 1.4426
100 1.46439
100 1.47009
100 1.45492
100 1.46749
100 1.46189
100 1.48372
100 1.46779
100 1.47733
100 1.45151
100 1.47679
100 1.47349
100 1.47485
100 1.48578
100 1.47565
100 1.47971
100 1.47191
100 1.4923
100 1.48546
100 1.48969
100 1.48352
100 1.47487
100 1.47723
100 1.4713
100 1.46221
100 1.47152
100 1.48345
100 1.47209
100 1.47514
100 1.46298
100 1.48093
100 1.48922
100 1.47292
100 1.477
100 1.47169
100 1.46799
100 1.47686
100 1.46937
100 1.46392
100 1.45788
100 1.47527
100 1.45459
100 1.4701
100 1.45445
100 1.48461
100 1.4737
100 1.48637
100 1.48333
100 1.43393
100 1.46464
100 1.48056
100 1.44769
100 1.46511
100 1.47531
100 1.49597
100 1.49087
100 1.47466
100 1.48609
100 1.47145
100 1.47276
100 1.47121
100 1.47526
100 1.4895
100 1.48293
100 1.47266
100 1.46109
100 1.48847
100 1.48729
100 1.44173
100 1.48237
100 1.45544
100 1.47906
100 1.48271
100 1.47471
100 1.47616
100 1.47964
100 1.49435
100 1.47069
100 1.48099
100 1.49519
100 1.47182
100 1.49177
100 1.47856
100 1.48268
100 1.47979
100 1.47104
100 1.47688
100 1.45866
100 1.47627
100 1.48301
100 1.45815
100 1.47043
100 1.47088
100 1.46853
100 1.481
100 1.42097
100 1.43636
100 1.46143
100 1.49378
100 1.48317
100 1.46095
100 1.47187
100 1.48348
100 1.47044
100 1.49289
100 1.45136
100 1.47553
100 1.47644
100 1.47127
100 1.45745
100 1.48646
100 1.46354
100 1.44868
100 1.4794
100 1.47225
100 1.47711
100 1.45226
100 1.48036
100 1.40518
100 1.46657
100 1.46928
100 1.47941
100 1.47518
100 1.44135
100 1.47769
100 1.48215
100 1.46507
100 1.47696
100 1.47295
100 1.47303
100 1.45355
100 1.46629
100 1.47007
100 1.47874
100 1.46156
100 1.47388
100 1.46333
100 1.4586
100 1.47015
100 1.4774
100 1.48173
100 1.48224
100 1.4813
100 1.45122
100 1.48508
100 1.47467
100 1.48304
100 1.47392
100 1.46649
100 1.47704
100 1.46952
100 1.4667
100 1.48547
100 1.47806
100 1.46639
100 1.48998
100 1.49841
100 1.47641
100 1.47012
100 1.46751
100 1.47701
100 1.48697
100 1.4845
100 1.4788
100 1.4903
100 1.47422
100 1.47572
100 1.47361
100 1.48414
100 1.48234
100 1.46822
100 1.48385
100 1.46624
100 1.48243
100 1.47234
100 1.46573
100 1.48065
100 1.47277
100 1.48313
100 1.45959
100 1.48187
100 1.49233
100 1.48358
100 1.47404
100 1.4501
100 1.45928
100 1.46992
100 1.46358
100 1.4888
100 1.47575
100 1.47461
100 1.48709
100 1.48394
