100 1.47978
100 1.48077
100 1.47912
100 1.48437
100 1.46985
100 1.48345
100 1.47827
100 1.47251
100 1.47451
100 1.48142
100 1.47696
100 1.47435
100 1.48808
100 1.49041
100 1.47707
100 1.48854
100 1.48219
100 1.49057
100 1.47876
100 1.46745
100 1.48107
100 1.48095
100 1.47805
100 1.48211
100 1.48373
100 1.48602
100 1.49174
100 1.48072
100 1.49198
100 1.48587
100 1.47341
100 1.49007
100 1.49254
100 1.49011
100 1.47294
100 1.46477
100 1.47649
100 1.48921
100 1.48501
100 1.46614
100 1.48137
100 1.49062
100 1.48415
100 1.48706
100 1.47349
100 1.48525
100 1.46514
100 1.49231
100 1.48105
100 1.47915
100 1.48097
100 1.4735
100 1.49074
100 1.485
100 1.48291
100 1.47574
100 1.49335
100 1.47271
100 1.48542
100 1.48634
100 1.47926
100 1.46907
100 1.48499
100 1.48391
100 1.48753
100 1.47535
100 1.48306
100 1.4744
100 1.4808
100 1.48871
100 1.48027
100 1.48519
100 1.4821
100 1.4815
100 1.47631
100 1.47386
100 1.48435
100 1.49742
100 1.47517
100 1.48855
100 1.49142
100 1.47927
100 1.48569
100 1.49409
100 1.476
100 1.46717
100 1.49027
100 1.4858
100 1.48811
100 1.48532
100 1.49353
100 1.48756
100 1.48515
100 1.48126
100 1.48868
100 1.49126
100 1.46678
100 1.48461
100 1.49354
100 1.48907
100 1.47443
100 1.48239
100 1.4891
100 1.48737
100 1.47207
100 1.47765
100 1.49039
100 1.48296
100 1.48275
100 1.48949
100 1.48661
100 1.48126
100 1.47808
100 1.4832
100 1.47835
100 1.47733
100 1.47378
100 1.47481
100 1.48581
100 1.4725
100 1.46612
100 1.48293
100 1.48474
100 1.47984
100 1.47979
100 1.47751
100 1.48827
100 1.4779
100 1.47726
100 1.49263
100 1.47866
100 1.47595
100 1.48601
100 1.49726
100 1.48945
100 1.48607
100 1.48305
100 1.47093
100 1.47683
100 1.48107
100 1.47675
100 1.47702
100 1.49054
100 1.47205
100 1.49606
100 1.47876
100 1.47935
100 1.47349
100 1.47853
100 1.46799
100 1.47374
100 1.49139
100 1.49553
100 1.4787
100 1.47482
100 1.47733
100 1.47543
100 1.48295
100 1.49514
100 1.47229
100 1.47117
100 1.48476
100 1.499
100 1.48614
100 1.4851
100 1.48202
100 1.48316
100 1.47556
100 1.46737
100 1.48521
100 1.48175
100 1.46906
100 1.49294
100 1.47659
100 1.49349
100 1.46583
100 1.47781
100 1.48669
100 1.47358
100 1.48078
100 1.48395
100 1.48574
100 1.4889
100 1.4711
100 1.48651
100 1.48644
100 1.47524
100 1.49167
100 1.48277
100 1.48254
100 1.47586
100 1.48535
100 1.47717
100 1.47386
100 1.48765
100 1.49155
100 1.48366
100 1.47924
100 1.49035
100 1.48262
100 1.48637
100 1.49424
100 1.49286
100 1.46874
100 1.48353
100 1.4873
100 1.47292
100 1.47729
100 1.48074
100 1.49422
100 1.48716
100 1.48269
100 1.47569
100 1.48694
100 1.48594
100 1.47692
100 1.47659
100 1.47435
100 1.48989
100 1.4982
100 1.48785
100 1.48391
100 1.48701
100 1.48591
100 1.49522
100 1.46554
100 1.48617
100 1.49716
100 1.47659
100 1.47415
100 1.48216
100 1.49533
100 1.47075
100 1.47229
100 1.49245
100 1.475
100 1.49383
100 1.48501
100 1.48306
100 1.49364
100 1.47061
100 1.49971
100 1.47562
100 1.49405
100 1.47954
100 1.48776
100 1.48891
100 1.47772
100 1.49304
100 1.496
100 1.47722
100 1.4842
100 1.49381
100 1.47953
100 1.48445
100 1.49511
100 1.48662
100 1.47892
100 1.47255
100 1.49052
100 1.4791
100 1.48471
100 1.46814
100 1.47718
100 1.47549
100 1.48965
100 1.48881
100 1.47563
100 1.49078
100 1.47643
100 1.47435
100 1.47343
100 1.48892
100 1.48883
100 1.4891
100 1.48891
100 1.47961
100 1.47064
100 1.47904
100 1.47445
100 1.47825
100 1.48088
100 1.47729
100 1.4945
100 1.47247
100 1.47499
100 1.48383
100 1.48353
100 1.47197
100 1.47642
100 1.46752
100 1.47515
100 1.46406
100 1.48281
100 1.47786
100 1.47369
100 1.47141
100 1.46871
100 1.48179
100 1.48435
100 1.47466
100 1.48802
100 1.47895
100 1.48933
100 1.47777
100 1.48941
100 1.47316
100 1.47989
100 1.4808
100 1.47351
100 1.47373
100 1.48242
100 1.48022
100 1.48212
100 1.48267
100 1.49563
100 1.48457
100 1.48898
100 1.48499
100 1.48917
100 1.48308
100 1.47608
100 1.4882
100 1.48298
100 1.48757
100 1.48473
100 1.47742
100 1.48505
100 1.48461
100 1.48032
100 1.48294
100 1.47892
100 1.47683
100 1.47572
100 1.49626
100 1.48826
100 1.48051
100 1.48892
100 1.4854
100 1.47126
100 1.48579
100 1.48266
100 1.4719
100 1.4806
100 1.49041
100 1.49047
100 1.48892
100 1.47795
100 1.48894
100 1.47815
100 1.47521
100 1.47221
100 1.48203
100 1.4734
100 1.48744
100 1.48156
100 1.48541
100 1.49121
100 1.47735
100 1.47424
100 1.47654
100 1.47831
100 1.47708
100 1.47364
100 1.48213
100 1.4896
100 1.49039
100 1.49035
100 1.48385
100 1.48448
100 1.49182
100 1.46782
100 1.49525
100 1.47717
100 1.48163
100 1.4856
100 1.48745
100 1.48217
100 1.48428
100 1.4864
100 1.4817
100 1.49125
100 1.46903
100 1.47313
100 1.47721
100 1.47518
100 1.48423
100 1.49406
100 1.48708
100 1.48224
100 1.48666
100 1.4697
100 1.495
100 1.47536
100 1.47964
100 1.4745
100 1.48086
100 1.48026
100 1.48016
100 1.48459
100 1.47841
100 1.49213
100 1.47763
100 1.47656
100 1.48626
100 1.46689
100 1.48231
100 1.48632
100 1.48616
100 1.48521
100 1.47571
100 1.49283
100 1.49332
100 1.4857
100 1.49131
100 1.48615
100 1.48598
100 1.48118
100 1.48797
100 1.48814
100 1.47767
100 1.49142
100 1.48014
100 1.47499
100 1.48453
100 1.4771
100 1.48655
100 1.48665
100 1.47742
100 1.4727
100 1.49122
100 1.49058
100 1.48278
100 1.4746
100 1.47151
100 1.47925
100 1.48063
100 1.49356
100 1.47757
100 1.48824
100 1.46508
100 1.48718
100 1.47487
100 1.47952
100 1.48267
100 1.48993
100 1.49262
100 1.47178
100 1.48937
100 1.48612
100 1.47264
100 1.48969
100 1.48682
100 1.47666
100 1.48079
100 1.48568
100 1.4773
100 1.48134
100 1.49008
100 1.4795
100 1.48016
100 1.48168
100 1.47815
100 1.4679
100 1.49663
100 1.48837
100 1.46991
100 1.49521
100 1.48739
100 1.47912
100 1.48027
100 1.48931
100 1.48101
100 1.4759
100 1.48479
100 1.48448
100 1.48204
100 1.49618
100 1.47741
100 1.48897
100 1.48346
100 1.48207
100 1.48906
100 1.4803
100 1.48239
100 1.48423
100 1.48078
100 1.47734
100 1.47485
100 1.48913
100 1.47441
100 1.47063
100 1.48181
100 1.4757
100 1.48478
100 1.47541
100 1.47989
100 1.491
100 1.4782
100 1.48649
100 1.49331
100 1.47815
100 1.46832
100 1.48751
100 1.47488
100 1.48866
100 1.48045
100 1.47832
100 1.48516
100 1.47289
100 1.49597
100 1.48679
100 1.47394
100 1.48029
100 1.47783
100 1.48501
100 1.4787
100 1.48948
100 1.48341
100 1.47675
100 1.48422
100 1.49229
100 1.48164
100 1.48419
100 1.48313
100 1.49064
100 1.47377
100 1.48768
100 1.47417
100 1.4739
100 1.47718
100 1.49396
100 1.48215
100 1.48183
100 1.4862
100 1.49326
100 1.47303
100 1.4777
100 1.49327
100 1.48881
100 1.48604
100 1.46913
100 1.47185
100 1.47302
100 1.48033
100 1.48199
100 1.47084
100 1.48518
100 1.49123
100 1.48696
100 1.49243
100 1.47923
100 1.47701
100 1.48175
100 1.49162
100 1.48646
100 1.49415
100 1.47439
100 1.49062
100 1.49063
100 1.49503
100 1.49151
100 1.4762
100 1.47444
100 1.4876
100 1.48424
100 1.48516
100 1.48818
100 1.48645
100 1.47701
100 1.48598
100 1.49057
100 1.49119
100 1.48403
100 1.48949
100 1.47147
100 1.48329
100 1.47962
100 1.48321
100 1.47661
100 1.48666
100 1.48831
100 1.47547
100 1.47845
100 1.49624
100 1.49842
100 1.47905
100 1.50005
100 1.48079
100 1.48763
100 1.48134
100 1.4813
100 1.48356
100 1.46676
100 1.49719
100 1.48759
100 1.47743
100 1.46766
100 1.47923
100 1.4811
100 1.47269
100 1.48058
100 1.47812
100 1.48701
100 1.48638
100 1.47689
100 1.49495
100 1.47793
100 1.47588
100 1.47091
100 1.48258
100 1.47529
100 1.4855
100 1.4799
100 1.47491
100 1.47985
100 1.47247
100 1.47882
100 1.48548
100 1.49226
100 1.47776
100 1.47634
100 1.48794
100 1.48753
100 1.4862
100 1.49025
100 1.4814
100 1.48199
100 1.47361
100 1.4799
100 1.4763
100 1.48426
100 1.48583
100 1.48643
100 1.47033
100 1.50114
100 1.48968
100 1.48531
100 1.47655
100 1.47376
100 1.47374
100 1.4807
100 1.49503
100 1.48234
100 1.48906
100 1.47381
100 1.47636
100 1.47817
100 1.47359
100 1.47418
100 1.49276
100 1.47775
100 1.48026
100 1.4879
100 1.4772
100 1.48879
100 1.48586
100 1.47823
100 1.47664
100 1.48171
100 1.49292
100 1.47772
100 1.47633
100 1.4834
100 1.47512
100 1.48507
100 1.48417
100 1.48454
100 1.48042
100 1.48596
100 1.47079
100 1.48614
100 1.4894
100 1.49006
100 1.48278
100 1.4858
100 1.47974
100 1.4773
100 1.47673
100 1.47531
100 1.48967
100 1.48764
100 1.48342
100 1.48441
100 1.48637
100 1.48686
100 1.47866
100 1.48808
100 1.48235
100 1.48793
100 1.47584
100 1.48223
100 1.47242
100 1.48389
100 1.48171
100 1.49596
100 1.46488
100 1.47705
100 1.47094
100 1.48196
100 1.49017
100 1.47964
100 1.49166
100 1.49197
100 1.48379
100 1.47844
100 1.48184
100 1.47154
100 1.49191
100 1.47454
100 1.49076
100 1.48732
100 1.49074
100 1.47196
100 1.46989
100 1.48654
100 1.48271
100 1.485
100 1.49298
100 1.48288
100 1.48656
100 1.45871
100 1.4847
100 1.47528
100 1.47774
100 1.48374
100 1.47512
100 1.4745
100 1.46799
100 1.47221
100 1.47585
100 1.47865
100 1.4738
100 1.47552
100 1.48007
100 1.48866
100 1.49266
100 1.48173
100 1.47954
100 1.4788
100 1.49757
100 1.47184
100 1.47467
100 1.48756
100 1.47622
100 1.48968
100 1.47017
100 1.48738
100 1.47478
100 1.47112
100 1.48396
100 1.48944
100 1.47077
100 1.47202
100 1.47113
100 1.49249
100 1.47182
100 1.48013
100 1.4918
100 1.47405
100 1.48359
100 1.48583
100 1.48624
100 1.47061
100 1.4777
100 1.48175
100 1.50126
100 1.49351
100 1.46869
100 1.49423
100 1.47678
100 1.4822
100 1.46562
100 1.48977
100 1.47932
100 1.46986
100 1.48373
100 1.48233
100 1.47423
100 1.48993
100 1.47927
100 1.48024
100 1.48611
100 1.48056
100 1.49836
100 1.47119
100 1.4957
100 1.48211
100 1.48456
100 1.47726
100 1.48715
100 1.47783
100 1.48691
100 1.48767
100 1.46859
100 1.46641
100 1.47907
100 1.48279
100 1.48281
100 1.48555
100 1.4961
100 1.47558
100 1.4778
100 1.47496
100 1.48981
100 1.4891
100 1.48628
100 1.49185
100 1.47771
100 1.48695
100 1.46276
100 1.49992
100 1.47952
100 1.49652
100 1.4955
100 1.47735
100 1.48573
100 1.49003
100 1.47458
100 1.47906
100 1.47191
100 1.4939
100 1.47773
100 1.49288
100 1.47811
100 1.48202
100 1.48448
100 1.47878
100 1.46947
100 1.48636
100 1.48104
100 1.48287
100 1.49067
100 1.48225
100 1.47831
100 1.46859
100 1.49648
100 1.46812
100 1.48746
100 1.47162
100 1.47266
100 1.47209
100 1.48689
100 1.48065
100 1.48693
100 1.48917
100 1.47277
100 1.47865
100 1.50266
100 1.48934
100 1.48912
100 1.48721
100 1.48072
100 1.48126
100 1.48312
100 1.48281
100 1.47776
100 1.46372
100 1.472
100 1.47154
100 1.48136
100 1.49667
100 1.49535
100 1.47496
100 1.49233
100 1.48184
100 1.48939
100 1.4719
100 1.48845
100 1.48373
100 1.48526
100 1.47565
100 1.48385
100 1.49222
100 1.48105
100 1.48082
100 1.47484
100 1.4765
100 1.48149
100 1.4791
100 1.48373
100 1.48344
100 1.47025
100 1.48508
100 1.48651
100 1.48869
100 1.46999
100 1.49412
100 1.48712
100 1.49071
100 1.48902
100 1.48614
100 1.49886
100 1.48074
100 1.47972
100 1.48731
100 1.47698
100 1.49398
100 1.47724
100 1.48345
100 1.48985
100 1.48167
100 1.4847
100 1.49064
100 1.48168
100 1.4841
100 1.4849
100 1.48154
100 1.48103
100 1.48737
100 1.47786
100 1.48108
100 1.4901
100 1.48742
100 1.47645
100 1.48643
100 1.49235
100 1.48192
100 1.46611
100 1.47972
100 1.48383
100 1.48783
100 1.49117
100 1.48205
100 1.4885
100 1.4876
100 1.49333
100 1.49106
100 1.47794
100 1.49028
100 1.4845
100 1.49141
100 1.48603
100 1.48543
100 1.48492
100 1.47875
100 1.47367
100 1.48764
100 1.48767
100 1.48242
100 1.49596
100 1.46843
100 1.48088
100 1.47977
100 1.4745
100 1.49567
100 1.46968
100 1.47838
100 1.4808
100 1.48616
100 1.48576
100 1.49201
100 1.49447
100 1.48605
100 1.48772
100 1.49409
100 1.48271
100 1.48744
100 1.47602
100 1.49147
100 1.48373
100 1.47372
100 1.47588
100 1.48025
100 1.47402
100 1.48599
100 1.49421
100 1.47904
100 1.49147
100 1.48596
100 1.48117
100 1.48419
100 1.46632
100 1.48403
100 1.46959
100 1.48577
100 1.48897
100 1.49528
100 1.48322
100 1.4869
100 1.47562
100 1.48502
100 1.49267
100 1.48298
100 1.49816
100 1.47482
100 1.47273
100 1.481
100 1.4796
100 1.4816
100 1.48
100 1.49023
100 1.47634
100 1.47548
100 1.47432
100 1.47429
100 1.48004
100 1.48573
100 1.48095
100 1.48832
