6
0.9599784025511249 0.28007403777463996
-0.9888042430051991 0.14921852771996905
-0.8710251205383953 -0.4912384750720102
-0.7151930508904644 -0.6989269632500879
-0.21722727406727704 -0.9761210536615323
0.07942583957844515 -0.9968407776607351
6
-0.2807037769375581 0.9597944517515141
-0.28254610178657324 0.9592537205375914
-0.9426530026075706 -0.33377434993559885
-0.7449025580165763 -0.6671732751394956
-0.5527989260783939 -0.833314674853728
0.7257902684559255 -0.6879160459058035
6
0.9999949581209734 0.00317548935326365
0.9842707315514483 0.17666671166684675
-0.037954811173353614 0.9992794565629752
-0.9514296918924136 -0.30786610951111026
-0.3038833901124216 -0.9527092343489602
0.3000718338647744 -0.9539166077393931
6
-0.9389949675100863 -0.3439308811240014
-0.9349405298743172 -0.35480446107445013
-0.5043875208511536 -0.8634774049213025
-0.19788299697883474 -0.9802256472397948
0.09442089939503806 -0.9955323670064334
0.8419071631349777 -0.5396223945149181
6
0.14320369267347802 0.9896932365155782
-0.29800418157280784 0.954564564482215
-0.9121363593751012 0.4098868891608223
-0.9920422097968137 -0.12590573450583847
-0.7919698105738617 -0.6105602502125417
0.9632034305687407 -0.26877342007834226
6
0.9816838278401011 0.1905173539528792
-0.9242072538097689 0.3818912829659843
-0.9656764788458233 0.2597478358022107
-0.9444294651736387 -0.32871413920279535
-0.9067368834292793 -0.4216968392446849
0.6905965245882152 -0.723240236869243
6
-0.4983078943575355 0.8670001398044636
-0.8906555440438464 0.4546786797992183
-0.9042746919592272 -0.4269511464817079
0.3243373605199687 -0.9459414762927671
0.8166021120146422 -0.5772009967534929
0.9953532156354818 -0.0962911009600882
6
0.8943542058257646 0.4473595360800592
-0.872905468843024 -0.487889375231661
-0.8400616834824256 -0.5424908920384498
-0.6012057330628859 -0.7990942788759771
-0.12405182215082029 -0.9922757406190384
0.38245918111222565 -0.9239723885392711
6
0.08776792923035125 0.9961409491626253
-0.5388507817565946 0.8424012315994718
-0.7648923387072663 0.6441581406665048
-0.9977220723662554 -0.06745862667727949
-0.9521840276839604 -0.30552508476973045
0.993550517321398 -0.11339034143339716
6
0.999332055519018 0.036543710979238725
0.9987482794740021 0.050018738965717714
0.9950949756289368 0.09892416023422093
-0.8522295219847149 0.5231680818414902
-0.9550351756742186 -0.29649251799145715
0.8493376007289313 -0.5278500165653333
6
0.7193855928703569 0.6946109477762104
0.3094698835143481 0.9509092444590156
-0.9949478040687518 -0.10039356144080512
0.024131716705026573 -0.9997087877221388
0.9399659398446006 -0.34126826974105945
0.991056630266984 -0.1334419559353448
6
0.540411406440499 0.8414009221465126
-0.5029208463298244 0.864332472100229
-0.7956534591508393 -0.6057520721725215
-0.6519734025928545 -0.7582418362972961
0.24106017796767235 -0.9705101702703554
0.35574530968360385 -0.9345829415509983
6
0.9346826855933292 0.35548316029320093
-0.3908458556401159 0.9204561462280241
-0.9996571830071584 0.026182369300590494
0.3314860245842243 -0.943460129261087
0.5587330172446633 -0.8293475842134436
0.9390381362184661 -0.34381299964857265
6
0.9776232787578357 0.21036331626683152
0.9538666970140237 0.3002304520323624
0.02761543608699732 0.9996186211199374
-0.03446345337175552 0.999405958748342
0.7644937494093883 -0.6446311403539046
0.9208029591762874 -0.3900280892092164
6
0.9998562279497355 0.016956515860475425
0.8761831995587129 0.481978216116721
-0.5557613616922916 0.831341872426699
-0.4299205885727811 -0.9028667052900076
-0.21781566426882748 -0.9759899263819937
0.9980953129873228 -0.061690730201046116
6
0.29244122286854 0.956283499369906
-0.7105282374993487 0.7036686888842427
-0.904907544194328 -0.42560819595044275
-0.47742757246699696 -0.8786711063010268
0.8351301000394021 -0.5500524665958496
0.857683007469335 -0.5141788197683337
6
0.9708419194520063 0.23972060285829452
0.4815537799841462 0.8764165430792487
-0.09446014514819125 0.9955286439769488
-0.4115151311144373 0.9114029278337148
-0.0688890859023213 -0.9976243250059326
0.8756954870600437 -0.4828637633356564
6
0.460153452917587 0.8878393997610278
0.23463039126018206 0.9720846565485405
-0.8001259231648572 -0.5998320657313887
-0.4949988908532879 -0.8688936057159212
-0.25901252186891144 -0.9658739635765666
-0.046577187002944616 -0.9989146938807602
6
0.3976854251808998 0.9175218267696343
-0.7023595884454037 0.7118223152717279
-0.36414130758031493 -0.9313437110507047
-0.2894591697847539 -0.957190361959167
0.3835127576611249 -0.9235355784760862
0.9053951153636092 -0.42457000020693497
6
0.8989547064810504 0.438041591285084
0.6792542676880625 0.7339030179986685
-0.8251635062349969 0.5648939617113696
-0.9389675929170858 -0.34400560962213095
-0.8811660482589307 -0.4728069324742814
-0.8740651870479611 -0.4858086545038208
6
0.9384048416171756 0.34553777395451785
0.3083210022729033 0.95128237635175
-0.03546378339363271 0.9993709621894212
-0.8896713974893657 0.4566013627764584
-0.1268325018550568 -0.9919241485482582
0.06496566242778949 -0.9978875000245861
6
0.9043681032965254 0.4267532469001791
0.3451876384287798 0.9385336937350528
-0.8232097757096548 0.5677373205770956
-0.9926285481612219 -0.12119639175876738
0.2595709622453861 -0.9657240369582836
0.5864284294284574 -0.8100010476277625
6
0.9981155680958023 0.06136214406940093
0.25492429548116785 0.9669610145054609
0.11642752152897133 0.9931991906111386
-0.2800612421570843 0.9599821355845279
-0.999938290828064 0.011109209506092042
0.507203373224287 -0.8618263967818023
6
0.685158434520938 0.7283940688973363
0.669196030531562 0.7430859120726222
-0.9151960702195735 0.4030088746599129
-0.6227873042804271 -0.7823911896405268
0.5610934952632758 -0.8277524325384011
0.8479674479388007 -0.5300483065119229
6
0.6335084947880398 0.7737357346222237
0.54066750532997 0.8412363809775864
0.4534586829039668 0.8912772985435002
0.42597542119513965 0.9047347349016857
-0.6136016052943489 0.7896157736394316
-0.63685323016638 0.7709850603135238
