17
2.0 0.0
1.8649444588087116 0.7224833323743058
1.4780178344413182 1.3473912872931144
0.8914767115530766 1.7903265827101247
0.18453671892660403 1.991468352590069
-0.5473259801441658 1.923651286345638
-1.2052692727585126 1.5960344545604792
-1.700434271459228 1.0528643257547121
-1.9659461993678033 0.3674990356331416
-1.9659461993678038 -0.3674990356331394
-1.700434271459229 -1.0528643257547101
-1.2052692727585144 -1.5960344545604779
-0.547325980144168 -1.9236512863456374
0.18453671892660134 -1.9914683525900694
0.8914767115530738 -1.790326582710126
1.478017834441316 -1.3473912872931169
1.8649444588087103 -0.7224833323743094
