15
2.0 0.0
1.8270909152852017 0.8134732861516003
1.3382612127177165 1.4862896509547883
0.6180339887498949 1.902113032590307
-0.20905692653530666 1.9890437907365468
-0.9999999999999996 1.7320508075688774
-1.6180339887498947 1.1755705045849465
-1.9562952014676114 0.41582338163551863
-1.9562952014676112 -0.415823381635519
-1.6180339887498945 -1.1755705045849467
-0.9999999999999992 -1.7320508075688776
-0.20905692653530672 -1.9890437907365468
0.6180339887498945 -1.9021130325903073
1.3382612127177156 -1.4862896509547892
1.827090915285201 -0.8134732861516019
