19
2.0 0.0
1.8916344834012693 0.6493989384093669
1.5782810187927871 1.2284254253793356
1.093896316244854 1.674332956525057
0.49097097428159847 1.9388005318786607
-0.16515869094466454 1.9931689860133397
-0.8033908493059388 1.8315466533101148
-1.3545631432514817 1.4714478213462636
-1.758947502412978 0.9518947860741473
-1.9727226068054446 0.32918918056146806
-1.9727226068054449 -0.32918918056146756
-1.7589475024129781 -0.951894786074147
-1.3545631432514822 -1.4714478213462632
-0.8033908493059397 -1.8315466533101146
-0.16515869094466548 -1.9931689860133397
0.4909709742815976 -1.938800531878661
1.0938963162448532 -1.6743329565250575
1.5782810187927867 -1.228425425379336
1.8916344834012693 -0.6493989384093675
