16
2.0 0.0
1.8477590650225735 0.7653668647301796
1.4142135623730951 1.414213562373095
0.7653668647301797 1.8477590650225735
1.2246467991473532e-16 2.0
-0.7653668647301795 1.8477590650225735
-1.414213562373095 1.4142135623730951
-1.8477590650225735 0.7653668647301798
-2.0 2.4492935982947064e-16
-1.8477590650225737 -0.7653668647301793
-1.4142135623730954 -1.414213562373095
-0.7653668647301807 -1.847759065022573
-3.6739403974420594e-16 -2.0
0.76536686473018 -1.8477590650225733
1.414213562373096 -1.414213562373094
1.8477590650225744 -0.7653668647301775
