14
2.0 0.0
1.8019377358048383 0.8677674782351162
1.2469796037174672 1.5636629649360596
0.4450418679126289 1.9498558243636472
-0.4450418679126287 1.9498558243636472
-1.246979603717467 1.5636629649360598
-1.801937735804838 0.8677674782351165
-2.0 2.4492935982947064e-16
-1.8019377358048383 -0.867767478235116
-1.2469796037174674 -1.5636629649360594
-0.4450418679126292 -1.9498558243636472
0.44504186791262845 -1.9498558243636472
1.2469796037174667 -1.5636629649360598
1.801937735804838 -0.8677674782351167
