18
2.0 0.0
1.8793852415718169 0.6840402866513374
1.532088886237956 1.2855752193730785
1.0000000000000002 1.7320508075688772
0.34729635533386083 1.969615506024416
-0.3472963553338606 1.969615506024416
-0.9999999999999996 1.7320508075688774
-1.5320888862379558 1.285575219373079
-1.8793852415718166 0.6840402866513378
-2.0 2.4492935982947064e-16
-1.8793852415718169 -0.6840402866513373
-1.532088886237956 -1.2855752193730785
-1.0000000000000009 -1.7320508075688767
-0.3472963553338624 -1.9696155060244158
0.34729635533385816 -1.9696155060244165
0.9999999999999971 -1.732050807568879
1.5320888862379534 -1.2855752193730818
1.879385241571815 -0.6840402866513422
