20
2.0 0.0
1.902113032590307 0.6180339887498948
1.618033988749895 1.1755705045849463
1.1755705045849463 1.618033988749895
0.6180339887498949 1.902113032590307
1.2246467991473532e-16 2.0
-0.6180339887498947 1.9021130325903073
-1.175570504584946 1.618033988749895
-1.6180339887498947 1.1755705045849465
-1.902113032590307 0.618033988749895
-2.0 2.4492935982947064e-16
-1.9021130325903073 -0.6180339887498946
-1.6180339887498951 -1.175570504584946
-1.1755705045849465 -1.6180339887498947
-0.6180339887498951 -1.902113032590307
-3.6739403974420594e-16 -2.0
0.6180339887498945 -1.9021130325903073
1.1755705045849458 -1.6180339887498951
1.6180339887498947 -1.1755705045849467
1.902113032590307 -0.6180339887498952
