650
2.0 0.0
1.9999065606859174 0.01933257679216592
1.999626251474575 0.03866334716161693
1.9991590985578733 0.057990504854429026
1.9985051455862604 0.07731224395424421
1.9976644536646533 0.09662675905101413
1.9966371013467283 0.1159322454096963
1.995423184627582 0.1352268991388873
1.9940228169347594 0.1545089173593773
1.9924361291176573 0.17377649837260958
1.9906632694352973 0.19302784182903024
1.9887044035424717 0.21226114889631156
1.986559714474266 0.2314746224274336
1.9842294026289558 0.2506664671286085
1.9817136857492812 0.2698348897270314
1.9790127989021022 0.2889780991384427
1.976126994456433 0.3080943066344855
1.9730565420598618 0.3271817260098437
1.9698017286133545 0.3462385737491432
1.9663628582444466 0.3652630691936026
1.9627402522788269 0.38425343470741685
1.958934249210312 0.40320789584385813
1.954945204669218 0.42212468151107907
1.9507734913891304 0.4410020241376023
1.9464194991720771 0.4598381598374811
1.941883634852104 0.47863132857511564
1.9371663222572622 0.4973797743297097
1.9322680021700047 0.5160817452593518
1.9271891322860009 0.5347354938647064
1.9219301871713685 0.5533392771522986
1.9164916582183325 0.5718913567973787
1.9108740535993072 0.5903899993063499
1.9050778982194156 0.6088334761787447
1.8991037336674403 0.6272200640687349
1.8929521181652196 0.6455480449461595
1.886623626515486 0.6638157062570571
1.8801188500481592 0.6820213410836847
1.8734383965650898 0.7001632483040118
1.8665828902832695 0.7182397327506715
1.8595529717765027 0.7362491053693562
1.852349297915553 0.7541896833766412
1.8449725418067644 0.7720597904172233
1.8374233927291683 0.789857756720558
1.8297025560700764 0.8075819192568819
1.82181075325917 0.825230621892605
1.8137487217010908 0.8428022155450585
1.8055172147065375 0.8602950583365842
1.7971170014218778 0.8777075157479501
1.788548866757279 0.8950379607710796
1.7798136113133673 0.9122847740610767
1.7709120513064196 0.9294463440875375
1.7618450184920973 0.9465210672851301
1.752613360087727 0.9635073482034308
1.7432179386931383 0.9804035996560019
1.7336596322100615 0.9972082428686971
1.7239393337600983 1.013919707627181
1.7140579516012686 1.0305364324236495
1.7040164090431433 1.0470568646027352
1.6938156443605716 1.063479460506587
1.6834566107060085 1.079802685619108
1.6729402760204533 1.0960250147093402
1.6622676229430056 1.1121449319739807
1.6514396487190481 1.128160931179017
1.6404573651070657 1.1440715158004693
1.629321798284106 1.1598751991642235
1.6180339887498947 1.1755705045849465
1.6065949912296122 1.1911559655040656
1.5950058745753408 1.2066301256268022
1.5832677216661912 1.221991539058249
1.57138162930712 1.2372387704384715
1.5593487081264445 1.2523703950766276
1.547170082472066 1.2673849990840906
1.534846890306412 1.2822811795065607
1.5223802831001063 1.2970575444551564
1.5097714257243746 1.3117127132364728
1.497021496342202 1.3262453164815908
1.4841316862982439 1.3406539962740316
1.47110320000751 1.3549374062766384
1.4579372548428227 1.3690942118573777
1.4446350810210673 1.3831230902140468
1.4311979214882418 1.3970227304978744
1.417627031803316 1.4107918339360064
1.4039236800209134 1.4244291139528622
1.3900891465728253 1.437933296290351
1.3761247241483678 1.4513031191269377
1.3620317175735939 1.4645373331955474
1.3478114436893711 1.477634701900295
1.3334652312283373 1.4905940014320322
1.3189944206907445 1.5034140208827
1.3044003642192035 1.5160935623584744
1.2896844254723407 1.528631441091697
1.2748479794973788 1.541026485551579
1.2598924126016533 1.5532775375536676
1.2448191222230762 1.5653834523680676
1.229629516799562 1.577343098826402
1.214325015637422 1.589155359427509
1.1989070487787474 1.6008191304418604
1.1833770568677864 1.6123333220146931
1.1677364910163304 1.6236968582678442
1.1519868126681247 1.6349086774002808
1.136129493462311 1.6459677317873131
1.1201660150959192 1.6568729880784854
1.1040978691854182 1.6676234272941295
1.0879265571273404 1.6782180449205792
1.0716535899579929 1.6886558510040304
1.0552804882122653 1.6989358702430422
1.0388087817815543 1.709057142079668
1.0222400097708106 1.7190187207892103
1.0055757203547264 1.7288196755685865
0.988817470633074 1.7384590906233053
0.9719668264852128 1.7479360652530356
0.9550253624237738 1.7572497139357683
0.9379946614475383 1.7663991664105592
0.9208763148935242 1.7753835677588443
0.9036719222882914 1.7842020784843247
0.8863830911984842 1.7928538745914067
0.8690114370806211 1.8013381476621966
0.8515585831301473 1.809654104932038
0.8340261601297646 1.817800969363588
0.8164158062970525 1.8257779797194218
0.7987291671313937 1.8335843906331637
0.7809678952602205 1.841219472679132
0.7631336502845936 1.848682512440498
0.7452280986241308 1.8559728125759447
0.7272529133612974 1.8630896918848285
0.7092097740850749 1.8700324853708283
0.6911003667340213 1.8768005443040827
0.6729263834387378 1.8833932362818075
0.6546895223637578 1.8898099452873864
0.636391487548871 1.8960500717479312
0.6180339887498996 1.9021130325903055
0.5996187412789397 1.9079982612956072
0.5811474658440836 1.9137052079521024
0.5626218883886382 1.9192333393066103
0.5440437399298539 1.9245821388143292
0.5254147563971797 1.9297511066871014
0.5067366784700588 1.9347397599401146
0.4880112514152812 1.9395476324370307
0.4692402249239067 1.9441742749335413
0.4504253529477754 1.9486192551193453
0.4315683935356192 1.9528821576585427
0.41267110866879136 1.9569625842284442
0.3937352640966278 1.9608601535567902
0.37476262917145686 1.9645745014573759
0.3557549766832724 1.9681052808640813
0.33671408269408515 1.9714521618633003
0.317641726371969 1.9746148317247683
0.2985396898248167 1.9775929949307827
0.2794097579338207 1.9803863732038158
0.2602537181866954 1.9829947055325186
0.24107336051065528 1.9854177481961068
0.22187047710516544 1.9876552747871363
0.20264686227447973 1.989707076232657
0.1834043122599821 1.9915729608137491
0.1641446250723471 1.9932527541834373
0.144869600323535 1.9947462993829814
0.12558103905863724 1.9960534568565425
0.10628074358758807 1.9971741044642226
0.08697051731675788 1.998108137493478
0.06765216458044421 1.998855468668903
0.048327490472275934 1.9994160281603857
0.028998300676546598 1.9997897635896311
0.009666401299492483 1.9999766400350574
-0.009666401299468701 1.9999766400350574
-0.028998300676522818 1.9997897635896313
-0.04832749047225216 1.9994160281603863
-0.06765216458042043 1.998855468668904
-0.08697051731673412 1.998108137493479
-0.10628074358756431 1.9971741044642237
-0.1255810390586135 1.996053456856544
-0.1448696003235113 1.9947462993829832
-0.16414462507232339 1.9932527541834393
-0.1834043122599584 1.9915729608137513
-0.20264686227445608 1.9897070762326594
-0.22187047710514182 1.987655274787139
-0.24107336051063166 1.9854177481961097
-0.2602537181866718 1.9829947055325217
-0.2794097579337972 1.9803863732038192
-0.2985396898247932 1.9775929949307862
-0.31764172637194554 1.974614831724772
-0.3367140826940617 1.9714521618633043
-0.355754976683249 1.9681052808640855
-0.3747626291714335 1.9645745014573803
-0.3937352640966045 1.9608601535567949
-0.4126711086687681 1.956962584228449
-0.431568393535596 1.9528821576585478
-0.4504253529477522 1.9486192551193506
-0.46924022492388356 1.9441742749335469
-0.4880112514152581 1.9395476324370364
-0.5067366784700358 1.9347397599401206
-0.5254147563971567 1.9297511066871076
-0.544043739929831 1.9245821388143356
-0.5626218883886154 1.919233339306617
-0.5811474658440609 1.9137052079521093
-0.599618741278917 1.9079982612956143
-0.6180339887498769 1.902113032590313
-0.6363914875488484 1.8960500717479387
-0.6546895223637353 1.8898099452873942
-0.6729263834387155 1.8833932362818155
-0.691100366733999 1.876800544304091
-0.7092097740850527 1.8700324853708368
-0.7272529133612752 1.8630896918848372
-0.7452280986241087 1.8559728125759536
-0.7631336502845716 1.848682512440507
-0.7809678952601986 1.8412194726791413
-0.798729167131372 1.8335843906331732
-0.8164158062970308 1.8257779797194316
-0.8340261601297431 1.817800969363598
-0.8515585831301262 1.809654104932048
-0.8690114370806006 1.8013381476622066
-0.8863830911984641 1.7928538745914167
-0.9036719222882718 1.7842020784843347
-0.920876314893505 1.7753835677588543
-0.9379946614475196 1.766399166410569
-0.9550253624237556 1.7572497139357781
-0.9719668264851952 1.7479360652530453
-0.9888174706330568 1.738459090623315
-1.0055757203547098 1.7288196755685963
-1.0222400097707944 1.7190187207892198
-1.0388087817815386 1.7090571420796778
-1.05528048821225 1.6989358702430517
-1.071653589957978 1.68865585100404
-1.0879265571273262 1.6782180449205886
-1.1040978691854042 1.6676234272941388
-1.1201660150959054 1.6568729880784947
-1.1361294934622974 1.6459677317873225
-1.1519868126681114 1.6349086774002901
-1.1677364910163173 1.6236968582678535
-1.1833770568677735 1.6123333220147025
-1.198907048778735 1.6008191304418697
-1.2143250156374097 1.5891553594275183
-1.22962951679955 1.5773430988264112
-1.2448191222230647 1.5653834523680767
-1.259892412601642 1.553277537553677
-1.2748479794973677 1.541026485551588
-1.2896844254723299 1.5286314410917061
-1.3044003642191928 1.5160935623584837
-1.318994420690734 1.5034140208827091
-1.333465231228327 1.4905940014320413
-1.3478114436893611 1.477634701900304
-1.3620317175735843 1.4645373331955565
-1.3761247241483585 1.4513031191269465
-1.3900891465728162 1.4379332962903597
-1.4039236800209045 1.4244291139528709
-1.4176270318033073 1.410791833936015
-1.4311979214882333 1.397022730497883
-1.4446350810210593 1.3831230902140552
-1.4579372548428147 1.3690942118573861
-1.4711032000075024 1.3549374062766466
-1.4841316862982366 1.3406539962740398
-1.4970214963421946 1.3262453164815988
-1.5097714257243677 1.3117127132364808
-1.5223802831000994 1.2970575444551644
-1.5348468903064056 1.2822811795065685
-1.5471700824720596 1.2673849990840984
-1.5593487081264383 1.2523703950766354
-1.5713816293071141 1.2372387704384789
-1.5832677216661855 1.2219915390582563
-1.5950058745753353 1.2066301256268095
-1.606594991229607 1.1911559655040727
-1.6180339887498896 1.1755705045849536
-1.629321798284101 1.1598751991642304
-1.640457365107061 1.144071515800476
-1.6514396487190437 1.1281609311790237
-1.6622676229430011 1.1121449319739871
-1.6729402760204493 1.0960250147093467
-1.6834566107060047 1.0798026856191143
-1.6938156443605679 1.063479460506593
-1.7040164090431398 1.0470568646027412
-1.714057951601265 1.0305364324236552
-1.723939333760095 1.0139197076271866
-1.7336596322100584 0.9972082428687025
-1.7432179386931352 0.9804035996560072
-1.7526133600877243 0.9635073482034359
-1.7618450184920946 0.9465210672851349
-1.7709120513064172 0.929446344087542
-1.7798136113133651 0.9122847740610811
-1.788548866757277 0.8950379607710839
-1.7971170014218758 0.8777075157479542
-1.8055172147065357 0.860295058336588
-1.813748721701089 0.8428022155450623
-1.8218107532591683 0.8252306218926085
-1.8297025560700748 0.8075819192568853
-1.837423392729167 0.7898577567205611
-1.8449725418067633 0.7720597904172263
-1.8523492979155518 0.7541896833766439
-1.8595529717765016 0.7362491053693587
-1.8665828902832686 0.718239732750674
-1.873438396565089 0.700163248304014
-1.8801188500481585 0.6820213410836867
-1.8866236265154854 0.6638157062570589
-1.892952118165219 0.6455480449461611
-1.89910373366744 0.6272200640687362
-1.9050778982194152 0.6088334761787458
-1.910874053599307 0.5903899993063508
-1.9164916582183322 0.5718913567973795
-1.9219301871713683 0.5533392771522991
-1.9271891322860006 0.5347354938647068
-1.9322680021700047 0.5160817452593519
-1.9371663222572622 0.49737977432970965
-1.941883634852104 0.47863132857511537
-1.9464194991720771 0.4598381598374806
-1.9507734913891306 0.4410020241376016
-1.954945204669218 0.4221246815110781
-1.9589342492103121 0.40320789584385697
-1.962740252278827 0.3842534347074154
-1.9663628582444468 0.36526306919360096
-1.9698017286133547 0.34623857374914135
-1.9730565420598623 0.32718172600984163
-1.9761269944564335 0.30809430663448323
-1.9790127989021025 0.28897809913844014
-1.9817136857492816 0.2698348897270287
-1.984229402628956 0.2506664671286056
-1.9865597144742664 0.23147462242743042
-1.988704403542472 0.21226114889630812
-1.9906632694352977 0.1930278418290266
-1.9924361291176578 0.1737764983726057
-1.9940228169347598 0.1545089173593732
-1.9954231846275823 0.135226899138883
-1.9966371013467288 0.11593224540969173
-1.9976644536646535 0.09662675905100933
-1.9985051455862606 0.07731224395423918
-1.9991590985578733 0.05799050485442375
-1.999626251474575 0.038663347161611426
-1.9999065606859174 0.019332576792160182
-2.0 -5.972319578071406e-15
-1.9999065606859174 -0.019332576792172124
-1.9996262514745748 -0.03866334716162337
-1.999159098557873 -0.05799050485443569
-1.99850514558626 -0.07731224395425111
-1.9976644536646528 -0.09662675905102125
-1.9966371013467281 -0.11593224540970365
-1.9954231846275814 -0.1352268991388949
-1.994022816934759 -0.1545089173593851
-1.9924361291176567 -0.1737764983726176
-1.9906632694352964 -0.19302784182903848
-1.9887044035424708 -0.21226114889632
-1.986559714474265 -0.2314746224274423
-1.9842294026289546 -0.2506664671286174
-1.9817136857492799 -0.2698348897270405
-1.979012798902101 -0.28897809913845196
-1.9761269944564317 -0.30809430663449505
-1.9730565420598603 -0.32718172600985346
-1.9698017286133527 -0.3462385737491531
-1.9663628582444448 -0.36526306919361273
-1.9627402522788249 -0.3842534347074272
-1.9589342492103097 -0.4032078958438687
-1.9549452046692155 -0.42212468151108984
-1.950773491389128 -0.44100202413761325
-1.9464194991720745 -0.4598381598374922
-1.9418836348521011 -0.47863132857512697
-1.9371663222572593 -0.4973797743297212
-1.9322680021700016 -0.5160817452593635
-1.9271891322859975 -0.5347354938647182
-1.921930187171365 -0.5533392771523106
-1.9164916582183287 -0.5718913567973909
-1.9108740535993034 -0.5903899993063623
-1.9050778982194116 -0.6088334761787573
-1.8991037336674361 -0.6272200640687475
-1.8929521181652151 -0.6455480449461725
-1.8866236265154814 -0.6638157062570702
-1.8801188500481543 -0.6820213410836979
-1.8734383965650847 -0.7001632483040252
-1.8665828902832642 -0.7182397327506851
-1.8595529717764974 -0.7362491053693698
-1.8523492979155474 -0.754189683376655
-1.8449725418067586 -0.7720597904172373
-1.8374233927291623 -0.7898577567205721
-1.8297025560700702 -0.8075819192568963
-1.8218107532591634 -0.8252306218926194
-1.813748721701084 -0.8428022155450731
-1.8055172147065306 -0.8602950583365989
-1.7971170014218707 -0.877707515747965
-1.7885488667572715 -0.8950379607710945
-1.7798136113133596 -0.9122847740610918
-1.7709120513064116 -0.9294463440875527
-1.7618450184920889 -0.9465210672851454
-1.7526133600877185 -0.9635073482034463
-1.7432179386931295 -0.9804035996560175
-1.7336596322100524 -0.9972082428687129
-1.723939333760089 -1.0139197076271969
-1.714057951601259 -1.0305364324236654
-1.7040164090431336 -1.0470568646027514
-1.6938156443605616 -1.0634794605066031
-1.6834566107059983 -1.0798026856191243
-1.6729402760204426 -1.0960250147093566
-1.6622676229429945 -1.112144931973997
-1.6514396487190368 -1.1281609311790335
-1.6404573651070542 -1.1440715158004857
-1.6293217982840942 -1.1598751991642402
-1.6180339887498825 -1.1755705045849634
-1.6065949912295998 -1.1911559655040822
-1.595005874575328 -1.206630125626819
-1.5832677216661781 -1.2219915390582659
-1.5713816293071068 -1.2372387704384884
-1.559348708126431 -1.2523703950766447
-1.547170082472052 -1.2673849990841077
-1.5348468903063979 -1.2822811795065776
-1.5223802831000919 -1.2970575444551735
-1.50977142572436 -1.3117127132364899
-1.4970214963421866 -1.326245316481608
-1.4841316862982286 -1.3406539962740487
-1.4711032000074942 -1.3549374062766555
-1.4579372548428067 -1.3690942118573948
-1.4446350810210509 -1.3831230902140639
-1.431197921488225 -1.3970227304978915
-1.4176270318032989 -1.4107918339360235
-1.4039236800208958 -1.4244291139528793
-1.3900891465728076 -1.4379332962903681
-1.3761247241483499 -1.4513031191269548
-1.3620317175735754 -1.4645373331955645
-1.3478114436893522 -1.477634701900312
-1.3334652312283182 -1.4905940014320491
-1.318994420690725 -1.503414020882717
-1.3044003642191837 -1.5160935623584915
-1.2896844254723214 -1.5286314410917132
-1.27484797949736 -1.5410264855515945
-1.2598924126016346 -1.5532775375536827
-1.244819122223058 -1.565383452368082
-1.229629516799544 -1.5773430988264159
-1.2143250156374044 -1.5891553594275223
-1.1989070487787303 -1.6008191304418733
-1.1833770568677697 -1.6123333220147054
-1.1677364910163142 -1.623696858267856
-1.1519868126681088 -1.6349086774002919
-1.1361294934622956 -1.6459677317873238
-1.1201660150959043 -1.6568729880784954
-1.1040978691854038 -1.667623427294139
-1.0879265571273267 -1.6782180449205883
-1.071653589957979 -1.688655851004039
-1.0552804882122517 -1.6989358702430506
-1.0388087817815412 -1.709057142079676
-1.022240009770798 -1.7190187207892178
-1.005575720354714 -1.7288196755685938
-0.9888174706330619 -1.7384590906233122
-0.9719668264852009 -1.7479360652530422
-0.9550253624237622 -1.7572497139357746
-0.9379946614475272 -1.766399166410565
-0.9208763148935133 -1.7753835677588499
-0.9036719222882809 -1.78420207848433
-0.8863830911984741 -1.7928538745914118
-0.8690114370806113 -1.8013381476622012
-0.8515585831301379 -1.8096541049320425
-0.8340261601297556 -1.8178009693635921
-0.8164158062970438 -1.8257779797194258
-0.7987291671313854 -1.8335843906331672
-0.7809678952602125 -1.8412194726791355
-0.763133650284586 -1.848682512440501
-0.7452280986241235 -1.8559728125759476
-0.7272529133612905 -1.8630896918848312
-0.7092097740850685 -1.8700324853708308
-0.6911003667340153 -1.876800544304085
-0.6729263834387322 -1.8833932362818095
-0.6546895223637526 -1.8898099452873882
-0.6363914875488661 -1.896050071747933
-0.6180339887498951 -1.902113032590307
-0.5996187412789357 -1.9079982612956083
-0.5811474658440801 -1.9137052079521035
-0.562621888388635 -1.9192333393066112
-0.5440437399298512 -1.9245821388143298
-0.5254147563971774 -1.929751106687102
-0.5067366784700569 -1.934739759940115
-0.4880112514152797 -1.939547632437031
-0.46924022492390566 -1.9441742749335416
-0.45042535294777475 -1.9486192551193453
-0.43156839353561904 -1.9528821576585427
-0.4126711086687916 -1.9569625842284442
-0.39373526409662846 -1.96086015355679
-0.374762629171458 -1.9645745014573757
-0.35575497668327394 -1.968105280864081
-0.33671408269408715 -1.9714521618633
-0.31764172637197147 -1.974614831724768
-0.2985396898248196 -1.9775929949307822
-0.27940975793382405 -1.9803863732038154
-0.2602537181866992 -1.982994705532518
-0.24107336051065947 -1.9854177481961064
-0.2218704771051701 -1.9876552747871357
-0.20264686227448483 -1.9897070762326563
-0.18340431225998766 -1.9915729608137487
-0.16414462507235308 -1.9932527541834368
-0.14486960032354143 -1.994746299382981
-0.12558103905864412 -1.996053456856542
-0.10628074358759541 -1.9971741044642222
-0.08697051731676567 -1.9981081374934777
-0.06765216458045244 -1.9988554686689028
-0.048327490472284615 -1.9994160281603854
-0.028998300676555722 -1.999789763589631
-0.009666401299502055 -1.9999766400350572
0.009666401299458687 -1.9999766400350574
0.02899830067651236 -1.9997897635896316
0.04832749047224126 -1.9994160281603865
0.0676521645804091 -1.9988554686689044
0.08697051731672234 -1.9981081374934795
0.1062807435875521 -1.9971741044642244
0.12558103905860085 -1.9960534568565447
0.1448696003234982 -1.994746299382984
0.16414462507230987 -1.9932527541834404
0.18340431225994447 -1.9915729608137525
0.20264686227444167 -1.9897070762326607
0.221870477105127 -1.9876552747871405
0.24107336051061642 -1.9854177481961115
0.26025371818665616 -1.9829947055325237
0.2794097579337811 -1.9803863732038216
0.2985396898247767 -1.9775929949307887
0.31764172637192867 -1.974614831724775
0.3367140826940444 -1.9714521618633074
0.35575497668323125 -1.9681052808640886
0.3747626291714154 -1.9645745014573839
0.39373526409658594 -1.9608601535567987
0.4126711086687492 -1.956962584228453
0.4315683935355767 -1.952882157658552
0.4504253529477325 -1.948619255119355
0.46924022492386347 -1.9441742749335518
0.4880112514152376 -1.9395476324370418
0.5067366784700149 -1.9347397599401261
0.5254147563971355 -1.9297511066871134
0.5440437399298095 -1.9245821388143416
0.5626218883885934 -1.9192333393066234
0.5811474658440385 -1.9137052079521162
0.5996187412788944 -1.9079982612956214
0.6180339887498539 -1.9021130325903204
0.636391487548825 -1.8960500717479467
0.6546895223637116 -1.8898099452874024
0.6729263834386914 -1.8833932362818242
0.6911003667339746 -1.8768005443041
0.7092097740850279 -1.870032485370846
0.7272529133612501 -1.863089691884847
0.7452280986240832 -1.8559728125759638
0.7631336502845459 -1.8486825124405175
0.7809678952601726 -1.8412194726791524
0.7987291671313457 -1.8335843906331846
0.8164158062970042 -1.8257779797194436
0.8340261601297162 -1.8178009693636104
0.8515585831300987 -1.809654104932061
0.8690114370805723 -1.8013381476622201
0.8863830911984353 -1.7928538745914309
0.9036719222882422 -1.7842020784843495
0.9208763148934748 -1.7753835677588699
0.9379946614474889 -1.7663991664105854
0.9550253624237242 -1.7572497139357952
0.9719668264851631 -1.747936065253063
0.9888174706330242 -1.7384590906233337
1.0055757203546765 -1.7288196755686156
1.0222400097707607 -1.71901872078924
1.0388087817815042 -1.7090571420796987
1.0552804882122149 -1.6989358702430735
1.0716535899579425 -1.6886558510040623
1.0879265571272903 -1.6782180449206119
1.1040978691853678 -1.667623427294163
1.1201660150958683 -1.6568729880785198
1.1361294934622599 -1.6459677317873485
1.1519868126680735 -1.6349086774003168
1.1677364910162789 -1.6236968582678812
1.1833770568677346 -1.612333322014731
1.1989070487786957 -1.6008191304418993
1.21432501563737 -1.5891553594275487
1.2296295167995097 -1.5773430988264425
1.244819122223024 -1.565383452368109
1.259892412601601 -1.55327753755371
1.2748479794973266 -1.5410264855516222
1.2896844254722883 -1.5286314410917412
1.3044003642191508 -1.5160935623585197
1.3189944206906918 -1.5034140208827462
1.3334652312282844 -1.4905940014320793
1.3478114436893183 -1.477634701900343
1.362031717573541 -1.4645373331955964
1.3761247241483152 -1.4513031191269878
1.3900891465727725 -1.437933296290402
1.4039236800208605 -1.4244291139529142
1.4176270318032633 -1.4107918339360594
1.4311979214881891 -1.3970227304979284
1.444635081021015 -1.3831230902141016
1.4579372548427703 -1.3690942118574336
1.4711032000074575 -1.3549374062766952
1.4841316862981917 -1.3406539962740893
1.4970214963421498 -1.3262453164816497
1.5097714257243227 -1.3117127132365327
1.5223802831000544 -1.2970575444552173
1.5348468903063606 -1.2822811795066225
1.5471700824720145 -1.2673849990841535
1.5593487081263933 -1.2523703950766916
1.571381629307069 -1.2372387704385364
1.5832677216661404 -1.221991539058315
1.59500587457529 -1.2066301256268692
1.6065949912295618 -1.1911559655041335
1.6180339887498445 -1.1755705045850156
1.629321798284056 -1.1598751991642935
1.6404573651070162 -1.1440715158005403
1.6514396487189988 -1.1281609311790892
1.6622676229429565 -1.1121449319740537
1.6729402760204046 -1.0960250147094144
1.6834566107059603 -1.0798026856191831
1.693815644360524 -1.063479460506663
1.704016409043096 -1.0470568646028124
1.7140579516012215 -1.0305364324237278
1.7239393337600517 -1.0139197076272604
1.7336596322100153 -0.9972082428687774
1.7432179386930926 -0.9804035996560833
1.7526133600876819 -0.9635073482035131
1.7618450184920524 -0.9465210672852133
1.7709120513063754 -0.9294463440876217
1.7798136113133236 -0.9122847740611619
1.788548866757236 -0.8950379607711659
1.7971170014218352 -0.8777075157480375
1.8055172147064955 -0.8602950583366725
1.8137487217010493 -0.8428022155451479
1.821810753259129 -0.8252306218926954
1.829702556070036 -0.8075819192569733
1.8374233927291288 -0.7898577567206503
1.8449725418067253 -0.7720597904173165
1.8523492979155145 -0.7541896833767354
1.859552971776465 -0.7362491053694514
1.8665828902832324 -0.7182397327507678
1.8734383965650534 -0.7001632483041091
1.8801188500481234 -0.682021341083783
1.8866236265154512 -0.6638157062571564
1.8929521181651854 -0.6455480449462597
1.899103733667407 -0.627220064068836
1.905077898219383 -0.6088334761788468
1.9108740535992754 -0.590389999306453
1.9164916582183014 -0.5718913567974827
1.9219301871713383 -0.5533392771524035
1.9271891322859713 -0.5347354938648122
1.9322680021699763 -0.5160817452594586
1.9371663222572346 -0.4973797743298174
1.9418836348520772 -0.4786313285752243
1.9464194991720511 -0.4598381598375906
1.9507734913891055 -0.4410020241377127
1.9549452046691937 -0.42212468151119037
1.9589342492102888 -0.40320789584397027
1.9627402522788047 -0.3842534347075299
1.9663628582444255 -0.3652630691937165
1.9698017286133342 -0.3462385737492579
1.9730565420598427 -0.3271817260099593
1.976126994456415 -0.30809430663460197
1.9790127989020851 -0.28897809913855993
1.9817136857492652 -0.2698348897271495
1.9842294026289407 -0.2506664671287274
1.986559714474252 -0.2314746224275533
1.9887044035424588 -0.21226114889643202
1.9906632694352855 -0.19302784182915148
1.9924361291176467 -0.1737764983727316
1.9940228169347498 -0.15450891735950006
1.9954231846275736 -0.13522689913901084
1.9966371013467212 -0.11593224540982054
1.997664453664647 -0.0966267590511391
1.9985051455862555 -0.07731224395436988
1.9991590985578696 -0.05799050485455539
1.9996262514745726 -0.03866334716174398
1.999906560685916 -0.019332576792293645
