1.47997
14
2 0 1.84776 0.765367 1.84776 -0.765367 
1.84776 0.765367 0.765367 -1.84776 1.84776 -0.765367 
1.84776 0.765367 -1.84776 -0.765367 0.765367 -1.84776 
1.84776 0.765367 -0.765367 1.84776 -1.84776 -0.765367 
1.84776 0.765367 0.765367 1.84776 -0.765367 1.84776 
1.84776 0.765367 1.41421 1.41421 0.765367 1.84776 
0.765367 1.84776 1.22465e-16 2 -0.765367 1.84776 
-0.765367 1.84776 -1.84776 0.765367 -1.84776 -0.765367 
-0.765367 1.84776 -1.41421 1.41421 -1.84776 0.765367 
-1.84776 0.765367 -2 2.44929e-16 -1.84776 -0.765367 
-1.84776 -0.765367 -0.765367 -1.84776 0.765367 -1.84776 
-1.84776 -0.765367 -1.41421 -1.41421 -0.765367 -1.84776 
-0.765367 -1.84776 -3.67394e-16 -2 0.765367 -1.84776 
0.765367 -1.84776 1.41421 -1.41421 1.84776 -0.765367 
