1.43824
12
2 0 1.80194 0.867767 1.80194 -0.867767 
1.80194 0.867767 0.445042 1.94986 1.80194 -0.867767 
1.80194 0.867767 1.24698 1.56366 0.445042 1.94986 
0.445042 1.94986 -1.24698 1.56366 1.80194 -0.867767 
0.445042 1.94986 -0.445042 1.94986 -1.24698 1.56366 
-1.24698 1.56366 -1.24698 -1.56366 1.80194 -0.867767 
-1.24698 1.56366 -2 2.44929e-16 -1.24698 -1.56366 
-1.24698 1.56366 -1.80194 0.867767 -2 2.44929e-16 
-2 2.44929e-16 -1.80194 -0.867767 -1.24698 -1.56366 
-1.24698 -1.56366 0.445042 -1.94986 1.80194 -0.867767 
-1.24698 -1.56366 -0.445042 -1.94986 0.445042 -1.94986 
0.445042 -1.94986 1.24698 -1.56366 1.80194 -0.867767 
