1.48844
18
2 0 1.90211 0.618034 1.90211 -0.618034 
1.90211 0.618034 1.17557 1.61803 1.90211 -0.618034 
1.90211 0.618034 1.61803 1.17557 1.17557 1.61803 
1.17557 1.61803 -1.17557 1.61803 1.90211 -0.618034 
1.17557 1.61803 1.22465e-16 2 -1.17557 1.61803 
1.17557 1.61803 0.618034 1.90211 1.22465e-16 2 
1.22465e-16 2 -0.618034 1.90211 -1.17557 1.61803 
-1.17557 1.61803 -3.67394e-16 -2 1.90211 -0.618034 
-1.17557 1.61803 -1.90211 -0.618034 -3.67394e-16 -2 
-1.17557 1.61803 -1.90211 0.618034 -1.90211 -0.618034 
-1.17557 1.61803 -1.61803 1.17557 -1.90211 0.618034 
-1.90211 0.618034 -2 2.44929e-16 -1.90211 -0.618034 
-1.90211 -0.618034 -1.17557 -1.61803 -3.67394e-16 -2 
-1.90211 -0.618034 -1.61803 -1.17557 -1.17557 -1.61803 
-1.17557 -1.61803 -0.618034 -1.90211 -3.67394e-16 -2 
-3.67394e-16 -2 1.17557 -1.61803 1.90211 -0.618034 
-3.67394e-16 -2 0.618034 -1.90211 1.17557 -1.61803 
1.17557 -1.61803 1.61803 -1.17557 1.90211 -0.618034 
