1.50251
648
2 0 1.99991 0.0193326 1.99991 -0.0193326 
1.99991 0.0193326 1.99916 0.0579905 1.99991 -0.0193326 
1.99991 0.0193326 1.99963 0.0386633 1.99916 0.0579905 
1.99916 0.0579905 1.99542 0.135227 1.99991 -0.0193326 
1.99916 0.0579905 1.99766 0.0966268 1.99542 0.135227 
1.99916 0.0579905 1.99851 0.0773122 1.99766 0.0966268 
1.99766 0.0966268 1.99664 0.115932 1.99542 0.135227 
1.99542 0.135227 1.99244 -0.173776 1.99991 -0.0193326 
1.99542 0.135227 1.95077 0.441002 1.99244 -0.173776 
1.99542 0.135227 1.97901 0.288978 1.95077 0.441002 
1.99542 0.135227 1.9887 0.212261 1.97901 0.288978 
1.99542 0.135227 1.99244 0.173776 1.9887 0.212261 
1.99542 0.135227 1.99402 0.154509 1.99244 0.173776 
1.99244 0.173776 1.99066 0.193028 1.9887 0.212261 
1.9887 0.212261 1.98423 0.250666 1.97901 0.288978 
1.9887 0.212261 1.98656 0.231475 1.98423 0.250666 
1.98423 0.250666 1.98171 0.269835 1.97901 0.288978 
1.97901 0.288978 1.96636 0.365263 1.95077 0.441002 
1.97901 0.288978 1.97306 0.327182 1.96636 0.365263 
1.97901 0.288978 1.97613 0.308094 1.97306 0.327182 
1.97306 0.327182 1.9698 0.346239 1.96636 0.365263 
1.96636 0.365263 1.95893 0.403208 1.95077 0.441002 
1.96636 0.365263 1.96274 0.384253 1.95893 0.403208 
1.95893 0.403208 1.95495 0.422125 1.95077 0.441002 
1.95077 0.441002 1.61803 1.17557 1.99244 -0.173776 
1.95077 0.441002 1.85955 0.736249 1.61803 1.17557 
1.95077 0.441002 1.91087 0.59039 1.85955 0.736249 
1.95077 0.441002 1.93227 0.516082 1.91087 0.59039 
1.95077 0.441002 1.94188 0.478631 1.93227 0.516082 
1.95077 0.441002 1.94642 0.459838 1.94188 0.478631 
1.94188 0.478631 1.93717 0.49738 1.93227 0.516082 
1.93227 0.516082 1.92193 0.553339 1.91087 0.59039 
1.93227 0.516082 1.92719 0.534735 1.92193 0.553339 
1.92193 0.553339 1.91649 0.571891 1.91087 0.59039 
1.91087 0.59039 1.88662 0.663816 1.85955 0.736249 
1.91087 0.59039 1.8991 0.62722 1.88662 0.663816 
1.91087 0.59039 1.90508 0.608833 1.8991 0.62722 
1.8991 0.62722 1.89295 0.645548 1.88662 0.663816 
1.88662 0.663816 1.87344 0.700163 1.85955 0.736249 
1.88662 0.663816 1.88012 0.682021 1.87344 0.700163 
1.87344 0.700163 1.86658 0.71824 1.85955 0.736249 
1.85955 0.736249 1.77981 0.912285 1.61803 1.17557 
1.85955 0.736249 1.8297 0.807582 1.77981 0.912285 
1.85955 0.736249 1.84497 0.77206 1.8297 0.807582 
1.85955 0.736249 1.85235 0.75419 1.84497 0.77206 
1.84497 0.77206 1.83742 0.789858 1.8297 0.807582 
1.8297 0.807582 1.79712 0.877708 1.77981 0.912285 
1.8297 0.807582 1.81375 0.842802 1.79712 0.877708 
1.8297 0.807582 1.82181 0.825231 1.81375 0.842802 
1.81375 0.842802 1.80552 0.860295 1.79712 0.877708 
1.79712 0.877708 1.78855 0.895038 1.77981 0.912285 
1.77981 0.912285 1.70402 1.04706 1.61803 1.17557 
1.77981 0.912285 1.74322 0.980404 1.70402 1.04706 
1.77981 0.912285 1.76185 0.946521 1.74322 0.980404 
1.77981 0.912285 1.77091 0.929446 1.76185 0.946521 
1.76185 0.946521 1.75261 0.963507 1.74322 0.980404 
1.74322 0.980404 1.72394 1.01392 1.70402 1.04706 
1.74322 0.980404 1.73366 0.997208 1.72394 1.01392 
1.72394 1.01392 1.71406 1.03054 1.70402 1.04706 
1.70402 1.04706 1.66227 1.11214 1.61803 1.17557 
1.70402 1.04706 1.68346 1.0798 1.66227 1.11214 
1.70402 1.04706 1.69382 1.06348 1.68346 1.0798 
1.68346 1.0798 1.67294 1.09603 1.66227 1.11214 
1.66227 1.11214 1.64046 1.14407 1.61803 1.17557 
1.66227 1.11214 1.65144 1.12816 1.64046 1.14407 
1.64046 1.14407 1.62932 1.15988 1.61803 1.17557 
1.61803 1.17557 1.52238 -1.29706 1.99244 -0.173776 
1.61803 1.17557 -1.99851 0.0773122 1.52238 -1.29706 
1.61803 1.17557 -0.581147 1.91371 -1.99851 0.0773122 
1.61803 1.17557 0.636391 1.89605 -0.581147 1.91371 
1.61803 1.17557 1.18338 1.61233 0.636391 1.89605 
1.61803 1.17557 1.41763 1.41079 1.18338 1.61233 
1.61803 1.17557 1.52238 1.29706 1.41763 1.41079 
1.61803 1.17557 1.57138 1.23724 1.52238 1.29706 
1.61803 1.17557 1.59501 1.20663 1.57138 1.23724 
1.61803 1.17557 1.60659 1.19116 1.59501 1.20663 
1.59501 1.20663 1.58327 1.22199 1.57138 1.23724 
1.57138 1.23724 1.54717 1.26738 1.52238 1.29706 
1.57138 1.23724 1.55935 1.25237 1.54717 1.26738 
1.54717 1.26738 1.53485 1.28228 1.52238 1.29706 
1.52238 1.29706 1.4711 1.35494 1.41763 1.41079 
1.52238 1.29706 1.49702 1.32625 1.4711 1.35494 
1.52238 1.29706 1.50977 1.31171 1.49702 1.32625 
1.49702 1.32625 1.48413 1.34065 1.4711 1.35494 
1.4711 1.35494 1.44464 1.38312 1.41763 1.41079 
1.4711 1.35494 1.45794 1.36909 1.44464 1.38312 
1.44464 1.38312 1.4312 1.39702 1.41763 1.41079 
1.41763 1.41079 1.3044 1.51609 1.18338 1.61233 
1.41763 1.41079 1.36203 1.46454 1.3044 1.51609 
1.41763 1.41079 1.39009 1.43793 1.36203 1.46454 
1.41763 1.41079 1.40392 1.42443 1.39009 1.43793 
1.39009 1.43793 1.37612 1.4513 1.36203 1.46454 
1.36203 1.46454 1.33347 1.49059 1.3044 1.51609 
1.36203 1.46454 1.34781 1.47763 1.33347 1.49059 
1.33347 1.49059 1.31899 1.50341 1.3044 1.51609 
1.3044 1.51609 1.24482 1.56538 1.18338 1.61233 
1.3044 1.51609 1.27485 1.54103 1.24482 1.56538 
1.3044 1.51609 1.28968 1.52863 1.27485 1.54103 
1.27485 1.54103 1.25989 1.55328 1.24482 1.56538 
1.24482 1.56538 1.21433 1.58916 1.18338 1.61233 
1.24482 1.56538 1.22963 1.57734 1.21433 1.58916 
1.21433 1.58916 1.19891 1.60082 1.18338 1.61233 
1.18338 1.61233 0.920876 1.77538 0.636391 1.89605 
1.18338 1.61233 1.05528 1.69894 0.920876 1.77538 
1.18338 1.61233 1.12017 1.65687 1.05528 1.69894 
1.18338 1.61233 1.15199 1.63491 1.12017 1.65687 
1.18338 1.61233 1.16774 1.6237 1.15199 1.63491 
1.15199 1.63491 1.13613 1.64597 1.12017 1.65687 
1.12017 1.65687 1.08793 1.67822 1.05528 1.69894 
1.12017 1.65687 1.1041 1.66762 1.08793 1.67822 
1.08793 1.67822 1.07165 1.68866 1.05528 1.69894 
1.05528 1.69894 0.988817 1.73846 0.920876 1.77538 
1.05528 1.69894 1.02224 1.71902 0.988817 1.73846 
1.05528 1.69894 1.03881 1.70906 1.02224 1.71902 
1.02224 1.71902 1.00558 1.72882 0.988817 1.73846 
0.988817 1.73846 0.955025 1.75725 0.920876 1.77538 
0.988817 1.73846 0.971967 1.74794 0.955025 1.75725 
0.955025 1.75725 0.937995 1.7664 0.920876 1.77538 
0.920876 1.77538 0.780968 1.84122 0.636391 1.89605 
0.920876 1.77538 0.851559 1.80965 0.780968 1.84122 
0.920876 1.77538 0.886383 1.79285 0.851559 1.80965 
0.920876 1.77538 0.903672 1.7842 0.886383 1.79285 
0.886383 1.79285 0.869011 1.80134 0.851559 1.80965 
0.851559 1.80965 0.816416 1.82578 0.780968 1.84122 
0.851559 1.80965 0.834026 1.8178 0.816416 1.82578 
0.816416 1.82578 0.798729 1.83358 0.780968 1.84122 
0.780968 1.84122 0.70921 1.87003 0.636391 1.89605 
0.780968 1.84122 0.745228 1.85597 0.70921 1.87003 
0.780968 1.84122 0.763134 1.84868 0.745228 1.85597 
0.745228 1.85597 0.727253 1.86309 0.70921 1.87003 
0.70921 1.87003 0.672926 1.88339 0.636391 1.89605 
0.70921 1.87003 0.6911 1.8768 0.672926 1.88339 
0.672926 1.88339 0.65469 1.88981 0.636391 1.89605 
0.636391 1.89605 0.0289983 1.99979 -0.581147 1.91371 
0.636391 1.89605 0.336714 1.97145 0.0289983 1.99979 
0.636391 1.89605 0.488011 1.93955 0.336714 1.97145 
0.636391 1.89605 0.562622 1.91923 0.488011 1.93955 
0.636391 1.89605 0.599619 1.908 0.562622 1.91923 
0.636391 1.89605 0.618034 1.90211 0.599619 1.908 
0.599619 1.908 0.581147 1.91371 0.562622 1.91923 
0.562622 1.91923 0.525415 1.92975 0.488011 1.93955 
0.562622 1.91923 0.544044 1.92458 0.525415 1.92975 
0.525415 1.92975 0.506737 1.93474 0.488011 1.93955 
0.488011 1.93955 0.412671 1.95696 0.336714 1.97145 
0.488011 1.93955 0.450425 1.94862 0.412671 1.95696 
0.488011 1.93955 0.46924 1.94417 0.450425 1.94862 
0.450425 1.94862 0.431568 1.95288 0.412671 1.95696 
0.412671 1.95696 0.374763 1.96457 0.336714 1.97145 
0.412671 1.95696 0.393735 1.96086 0.374763 1.96457 
0.374763 1.96457 0.355755 1.96811 0.336714 1.97145 
0.336714 1.97145 0.183404 1.99157 0.0289983 1.99979 
0.336714 1.97145 0.260254 1.98299 0.183404 1.99157 
0.336714 1.97145 0.29854 1.97759 0.260254 1.98299 
0.336714 1.97145 0.317642 1.97461 0.29854 1.97759 
0.29854 1.97759 0.27941 1.98039 0.260254 1.98299 
0.260254 1.98299 0.22187 1.98766 0.183404 1.99157 
0.260254 1.98299 0.241073 1.98542 0.22187 1.98766 
0.22187 1.98766 0.202647 1.98971 0.183404 1.99157 
0.183404 1.99157 0.106281 1.99717 0.0289983 1.99979 
0.183404 1.99157 0.14487 1.99475 0.106281 1.99717 
0.183404 1.99157 0.164145 1.99325 0.14487 1.99475 
0.14487 1.99475 0.125581 1.99605 0.106281 1.99717 
0.106281 1.99717 0.0676522 1.99886 0.0289983 1.99979 
0.106281 1.99717 0.0869705 1.99811 0.0676522 1.99886 
0.0676522 1.99886 0.0483275 1.99942 0.0289983 1.99979 
0.0289983 1.99979 -0.27941 1.98039 -0.581147 1.91371 
0.0289983 1.99979 -0.125581 1.99605 -0.27941 1.98039 
0.0289983 1.99979 -0.0483275 1.99942 -0.125581 1.99605 
0.0289983 1.99979 -0.0096664 1.99998 -0.0483275 1.99942 
0.0289983 1.99979 0.0096664 1.99998 -0.0096664 1.99998 
-0.0096664 1.99998 -0.0289983 1.99979 -0.0483275 1.99942 
-0.0483275 1.99942 -0.0869705 1.99811 -0.125581 1.99605 
-0.0483275 1.99942 -0.0676522 1.99886 -0.0869705 1.99811 
-0.0869705 1.99811 -0.106281 1.99717 -0.125581 1.99605 
-0.125581 1.99605 -0.202647 1.98971 -0.27941 1.98039 
-0.125581 1.99605 -0.164145 1.99325 -0.202647 1.98971 
-0.125581 1.99605 -0.14487 1.99475 -0.164145 1.99325 
-0.164145 1.99325 -0.183404 1.99157 -0.202647 1.98971 
-0.202647 1.98971 -0.241073 1.98542 -0.27941 1.98039 
-0.202647 1.98971 -0.22187 1.98766 -0.241073 1.98542 
-0.241073 1.98542 -0.260254 1.98299 -0.27941 1.98039 
-0.27941 1.98039 -0.431568 1.95288 -0.581147 1.91371 
-0.27941 1.98039 -0.355755 1.96811 -0.431568 1.95288 
-0.27941 1.98039 -0.317642 1.97461 -0.355755 1.96811 
-0.27941 1.98039 -0.29854 1.97759 -0.317642 1.97461 
-0.317642 1.97461 -0.336714 1.97145 -0.355755 1.96811 
-0.355755 1.96811 -0.393735 1.96086 -0.431568 1.95288 
-0.355755 1.96811 -0.374763 1.96457 -0.393735 1.96086 
-0.393735 1.96086 -0.412671 1.95696 -0.431568 1.95288 
-0.431568 1.95288 -0.506737 1.93474 -0.581147 1.91371 
-0.431568 1.95288 -0.46924 1.94417 -0.506737 1.93474 
-0.431568 1.95288 -0.450425 1.94862 -0.46924 1.94417 
-0.46924 1.94417 -0.488011 1.93955 -0.506737 1.93474 
-0.506737 1.93474 -0.544044 1.92458 -0.581147 1.91371 
-0.506737 1.93474 -0.525415 1.92975 -0.544044 1.92458 
-0.544044 1.92458 -0.562622 1.91923 -0.581147 1.91371 
-0.581147 1.91371 -1.58327 1.22199 -1.99851 0.0773122 
-0.581147 1.91371 -1.13613 1.64597 -1.58327 1.22199 
-0.581147 1.91371 -0.869011 1.80134 -1.13613 1.64597 
-0.581147 1.91371 -0.727253 1.86309 -0.869011 1.80134 
-0.581147 1.91371 -0.65469 1.88981 -0.727253 1.86309 
-0.581147 1.91371 -0.618034 1.90211 -0.65469 1.88981 
-0.581147 1.91371 -0.599619 1.908 -0.618034 1.90211 
-0.618034 1.90211 -0.636391 1.89605 -0.65469 1.88981 
-0.65469 1.88981 -0.6911 1.8768 -0.727253 1.86309 
-0.65469 1.88981 -0.672926 1.88339 -0.6911 1.8768 
-0.6911 1.8768 -0.70921 1.87003 -0.727253 1.86309 
-0.727253 1.86309 -0.798729 1.83358 -0.869011 1.80134 
-0.727253 1.86309 -0.763134 1.84868 -0.798729 1.83358 
-0.727253 1.86309 -0.745228 1.85597 -0.763134 1.84868 
-0.763134 1.84868 -0.780968 1.84122 -0.798729 1.83358 
-0.798729 1.83358 -0.834026 1.8178 -0.869011 1.80134 
-0.798729 1.83358 -0.816416 1.82578 -0.834026 1.8178 
-0.834026 1.8178 -0.851559 1.80965 -0.869011 1.80134 
-0.869011 1.80134 -1.00558 1.72882 -1.13613 1.64597 
-0.869011 1.80134 -0.937995 1.7664 -1.00558 1.72882 
-0.869011 1.80134 -0.903672 1.7842 -0.937995 1.7664 
-0.869011 1.80134 -0.886383 1.79285 -0.903672 1.7842 
-0.903672 1.7842 -0.920876 1.77538 -0.937995 1.7664 
-0.937995 1.7664 -0.971967 1.74794 -1.00558 1.72882 
-0.937995 1.7664 -0.955025 1.75725 -0.971967 1.74794 
-0.971967 1.74794 -0.988817 1.73846 -1.00558 1.72882 
-1.00558 1.72882 -1.07165 1.68866 -1.13613 1.64597 
-1.00558 1.72882 -1.03881 1.70906 -1.07165 1.68866 
-1.00558 1.72882 -1.02224 1.71902 -1.03881 1.70906 
-1.03881 1.70906 -1.05528 1.69894 -1.07165 1.68866 
-1.07165 1.68866 -1.1041 1.66762 -1.13613 1.64597 
-1.07165 1.68866 -1.08793 1.67822 -1.1041 1.66762 
-1.1041 1.66762 -1.12017 1.65687 -1.13613 1.64597 
-1.13613 1.64597 -1.37612 1.4513 -1.58327 1.22199 
-1.13613 1.64597 -1.25989 1.55328 -1.37612 1.4513 
-1.13613 1.64597 -1.19891 1.60082 -1.25989 1.55328 
-1.13613 1.64597 -1.16774 1.6237 -1.19891 1.60082 
-1.13613 1.64597 -1.15199 1.63491 -1.16774 1.6237 
-1.16774 1.6237 -1.18338 1.61233 -1.19891 1.60082 
-1.19891 1.60082 -1.22963 1.57734 -1.25989 1.55328 
-1.19891 1.60082 -1.21433 1.58916 -1.22963 1.57734 
-1.22963 1.57734 -1.24482 1.56538 -1.25989 1.55328 
-1.25989 1.55328 -1.31899 1.50341 -1.37612 1.4513 
-1.25989 1.55328 -1.28968 1.52863 -1.31899 1.50341 
-1.25989 1.55328 -1.27485 1.54103 -1.28968 1.52863 
-1.28968 1.52863 -1.3044 1.51609 -1.31899 1.50341 
-1.31899 1.50341 -1.34781 1.47763 -1.37612 1.4513 
-1.31899 1.50341 -1.33347 1.49059 -1.34781 1.47763 
-1.34781 1.47763 -1.36203 1.46454 -1.37612 1.4513 
-1.37612 1.4513 -1.48413 1.34065 -1.58327 1.22199 
-1.37612 1.4513 -1.4312 1.39702 -1.48413 1.34065 
-1.37612 1.4513 -1.40392 1.42443 -1.4312 1.39702 
-1.37612 1.4513 -1.39009 1.43793 -1.40392 1.42443 
-1.40392 1.42443 -1.41763 1.41079 -1.4312 1.39702 
-1.4312 1.39702 -1.45794 1.36909 -1.48413 1.34065 
-1.4312 1.39702 -1.44464 1.38312 -1.45794 1.36909 
-1.45794 1.36909 -1.4711 1.35494 -1.48413 1.34065 
-1.48413 1.34065 -1.53485 1.28228 -1.58327 1.22199 
-1.48413 1.34065 -1.50977 1.31171 -1.53485 1.28228 
-1.48413 1.34065 -1.49702 1.32625 -1.50977 1.31171 
-1.50977 1.31171 -1.52238 1.29706 -1.53485 1.28228 
-1.53485 1.28228 -1.55935 1.25237 -1.58327 1.22199 
-1.53485 1.28228 -1.54717 1.26738 -1.55935 1.25237 
-1.55935 1.25237 -1.57138 1.23724 -1.58327 1.22199 
-1.58327 1.22199 -1.88012 0.682021 -1.99851 0.0773122 
-1.58327 1.22199 -1.75261 0.963507 -1.88012 0.682021 
-1.58327 1.22199 -1.67294 1.09603 -1.75261 0.963507 
-1.58327 1.22199 -1.62932 1.15988 -1.67294 1.09603 
-1.58327 1.22199 -1.60659 1.19116 -1.62932 1.15988 
-1.58327 1.22199 -1.59501 1.20663 -1.60659 1.19116 
-1.60659 1.19116 -1.61803 1.17557 -1.62932 1.15988 
-1.62932 1.15988 -1.65144 1.12816 -1.67294 1.09603 
-1.62932 1.15988 -1.64046 1.14407 -1.65144 1.12816 
-1.65144 1.12816 -1.66227 1.11214 -1.67294 1.09603 
-1.67294 1.09603 -1.71406 1.03054 -1.75261 0.963507 
-1.67294 1.09603 -1.69382 1.06348 -1.71406 1.03054 
-1.67294 1.09603 -1.68346 1.0798 -1.69382 1.06348 
-1.69382 1.06348 -1.70402 1.04706 -1.71406 1.03054 
-1.71406 1.03054 -1.73366 0.997208 -1.75261 0.963507 
-1.71406 1.03054 -1.72394 1.01392 -1.73366 0.997208 
-1.73366 0.997208 -1.74322 0.980404 -1.75261 0.963507 
-1.75261 0.963507 -1.82181 0.825231 -1.88012 0.682021 
-1.75261 0.963507 -1.78855 0.895038 -1.82181 0.825231 
-1.75261 0.963507 -1.77091 0.929446 -1.78855 0.895038 
-1.75261 0.963507 -1.76185 0.946521 -1.77091 0.929446 
-1.77091 0.929446 -1.77981 0.912285 -1.78855 0.895038 
-1.78855 0.895038 -1.80552 0.860295 -1.82181 0.825231 
-1.78855 0.895038 -1.79712 0.877708 -1.80552 0.860295 
-1.80552 0.860295 -1.81375 0.842802 -1.82181 0.825231 
-1.82181 0.825231 -1.85235 0.75419 -1.88012 0.682021 
-1.82181 0.825231 -1.83742 0.789858 -1.85235 0.75419 
-1.82181 0.825231 -1.8297 0.807582 -1.83742 0.789858 
-1.83742 0.789858 -1.84497 0.77206 -1.85235 0.75419 
-1.85235 0.75419 -1.86658 0.71824 -1.88012 0.682021 
-1.85235 0.75419 -1.85955 0.736249 -1.86658 0.71824 
-1.86658 0.71824 -1.87344 0.700163 -1.88012 0.682021 
-1.88012 0.682021 -1.96274 0.384253 -1.99851 0.0773122 
-1.88012 0.682021 -1.92719 0.534735 -1.96274 0.384253 
-1.88012 0.682021 -1.90508 0.608833 -1.92719 0.534735 
-1.88012 0.682021 -1.89295 0.645548 -1.90508 0.608833 
-1.88012 0.682021 -1.88662 0.663816 -1.89295 0.645548 
-1.89295 0.645548 -1.8991 0.62722 -1.90508 0.608833 
-1.90508 0.608833 -1.91649 0.571891 -1.92719 0.534735 
-1.90508 0.608833 -1.91087 0.59039 -1.91649 0.571891 
-1.91649 0.571891 -1.92193 0.553339 -1.92719 0.534735 
-1.92719 0.534735 -1.94642 0.459838 -1.96274 0.384253 
-1.92719 0.534735 -1.93717 0.49738 -1.94642 0.459838 
-1.92719 0.534735 -1.93227 0.516082 -1.93717 0.49738 
-1.93717 0.49738 -1.94188 0.478631 -1.94642 0.459838 
-1.94642 0.459838 -1.95495 0.422125 -1.96274 0.384253 
-1.94642 0.459838 -1.95077 0.441002 -1.95495 0.422125 
-1.95495 0.422125 -1.95893 0.403208 -1.96274 0.384253 
-1.96274 0.384253 -1.98656 0.231475 -1.99851 0.0773122 
-1.96274 0.384253 -1.97613 0.308094 -1.98656 0.231475 
-1.96274 0.384253 -1.9698 0.346239 -1.97613 0.308094 
-1.96274 0.384253 -1.96636 0.365263 -1.9698 0.346239 
-1.9698 0.346239 -1.97306 0.327182 -1.97613 0.308094 
-1.97613 0.308094 -1.98171 0.269835 -1.98656 0.231475 
-1.97613 0.308094 -1.97901 0.288978 -1.98171 0.269835 
-1.98171 0.269835 -1.98423 0.250666 -1.98656 0.231475 
-1.98656 0.231475 -1.99402 0.154509 -1.99851 0.0773122 
-1.98656 0.231475 -1.99066 0.193028 -1.99402 0.154509 
-1.98656 0.231475 -1.9887 0.212261 -1.99066 0.193028 
-1.99066 0.193028 -1.99244 0.173776 -1.99402 0.154509 
-1.99402 0.154509 -1.99664 0.115932 -1.99851 0.0773122 
-1.99402 0.154509 -1.99542 0.135227 -1.99664 0.115932 
-1.99664 0.115932 -1.99766 0.0966268 -1.99851 0.0773122 
-1.99851 0.0773122 -0.727253 -1.86309 1.52238 -1.29706 
-1.99851 0.0773122 -1.67294 -1.09603 -0.727253 -1.86309 
-1.99851 0.0773122 -1.92719 -0.534735 -1.67294 -1.09603 
-1.99851 0.0773122 -1.98656 -0.231475 -1.92719 -0.534735 
-1.99851 0.0773122 -1.99851 -0.0773122 -1.98656 -0.231475 
-1.99851 0.0773122 -2 -5.97232e-15 -1.99851 -0.0773122 
-1.99851 0.0773122 -1.99963 0.0386633 -2 -5.97232e-15 
-1.99851 0.0773122 -1.99916 0.0579905 -1.99963 0.0386633 
-1.99963 0.0386633 -1.99991 0.0193326 -2 -5.97232e-15 
-2 -5.97232e-15 -1.99963 -0.0386633 -1.99851 -0.0773122 
-2 -5.97232e-15 -1.99991 -0.0193326 -1.99963 -0.0386633 
-1.99963 -0.0386633 -1.99916 -0.0579905 -1.99851 -0.0773122 
-1.99851 -0.0773122 -1.99402 -0.154509 -1.98656 -0.231475 
-1.99851 -0.0773122 -1.99664 -0.115932 -1.99402 -0.154509 
-1.99851 -0.0773122 -1.99766 -0.0966268 -1.99664 -0.115932 
-1.99664 -0.115932 -1.99542 -0.135227 -1.99402 -0.154509 
-1.99402 -0.154509 -1.99066 -0.193028 -1.98656 -0.231475 
-1.99402 -0.154509 -1.99244 -0.173776 -1.99066 -0.193028 
-1.99066 -0.193028 -1.9887 -0.212261 -1.98656 -0.231475 
-1.98656 -0.231475 -1.96274 -0.384253 -1.92719 -0.534735 
-1.98656 -0.231475 -1.97613 -0.308094 -1.96274 -0.384253 
-1.98656 -0.231475 -1.98171 -0.269835 -1.97613 -0.308094 
-1.98656 -0.231475 -1.98423 -0.250666 -1.98171 -0.269835 
-1.98171 -0.269835 -1.97901 -0.288978 -1.97613 -0.308094 
-1.97613 -0.308094 -1.9698 -0.346239 -1.96274 -0.384253 
-1.97613 -0.308094 -1.97306 -0.327182 -1.9698 -0.346239 
-1.9698 -0.346239 -1.96636 -0.365263 -1.96274 -0.384253 
-1.96274 -0.384253 -1.94642 -0.459838 -1.92719 -0.534735 
-1.96274 -0.384253 -1.95495 -0.422125 -1.94642 -0.459838 
-1.96274 -0.384253 -1.95893 -0.403208 -1.95495 -0.422125 
-1.95495 -0.422125 -1.95077 -0.441002 -1.94642 -0.459838 
-1.94642 -0.459838 -1.93717 -0.49738 -1.92719 -0.534735 
-1.94642 -0.459838 -1.94188 -0.478631 -1.93717 -0.49738 
-1.93717 -0.49738 -1.93227 -0.516082 -1.92719 -0.534735 
-1.92719 -0.534735 -1.82181 -0.825231 -1.67294 -1.09603 
-1.92719 -0.534735 -1.88012 -0.682021 -1.82181 -0.825231 
-1.92719 -0.534735 -1.90508 -0.608833 -1.88012 -0.682021 
-1.92719 -0.534735 -1.91649 -0.571891 -1.90508 -0.608833 
-1.92719 -0.534735 -1.92193 -0.553339 -1.91649 -0.571891 
-1.91649 -0.571891 -1.91087 -0.59039 -1.90508 -0.608833 
-1.90508 -0.608833 -1.89295 -0.645548 -1.88012 -0.682021 
-1.90508 -0.608833 -1.8991 -0.62722 -1.89295 -0.645548 
-1.89295 -0.645548 -1.88662 -0.663816 -1.88012 -0.682021 
-1.88012 -0.682021 -1.85235 -0.75419 -1.82181 -0.825231 
-1.88012 -0.682021 -1.86658 -0.71824 -1.85235 -0.75419 
-1.88012 -0.682021 -1.87344 -0.700163 -1.86658 -0.71824 
-1.86658 -0.71824 -1.85955 -0.736249 -1.85235 -0.75419 
-1.85235 -0.75419 -1.83742 -0.789858 -1.82181 -0.825231 
-1.85235 -0.75419 -1.84497 -0.77206 -1.83742 -0.789858 
-1.83742 -0.789858 -1.8297 -0.807582 -1.82181 -0.825231 
-1.82181 -0.825231 -1.75261 -0.963507 -1.67294 -1.09603 
-1.82181 -0.825231 -1.78855 -0.895038 -1.75261 -0.963507 
-1.82181 -0.825231 -1.80552 -0.860295 -1.78855 -0.895038 
-1.82181 -0.825231 -1.81375 -0.842802 -1.80552 -0.860295 
-1.80552 -0.860295 -1.79712 -0.877708 -1.78855 -0.895038 
-1.78855 -0.895038 -1.77091 -0.929446 -1.75261 -0.963507 
-1.78855 -0.895038 -1.77981 -0.912285 -1.77091 -0.929446 
-1.77091 -0.929446 -1.76185 -0.946521 -1.75261 -0.963507 
-1.75261 -0.963507 -1.71406 -1.03054 -1.67294 -1.09603 
-1.75261 -0.963507 -1.73366 -0.997208 -1.71406 -1.03054 
-1.75261 -0.963507 -1.74322 -0.980404 -1.73366 -0.997208 
-1.73366 -0.997208 -1.72394 -1.01392 -1.71406 -1.03054 
-1.71406 -1.03054 -1.69382 -1.06348 -1.67294 -1.09603 
-1.71406 -1.03054 -1.70402 -1.04706 -1.69382 -1.06348 
-1.69382 -1.06348 -1.68346 -1.0798 -1.67294 -1.09603 
-1.67294 -1.09603 -1.25989 -1.55328 -0.727253 -1.86309 
-1.67294 -1.09603 -1.48413 -1.34065 -1.25989 -1.55328 
-1.67294 -1.09603 -1.58327 -1.22199 -1.48413 -1.34065 
-1.67294 -1.09603 -1.62932 -1.15988 -1.58327 -1.22199 
-1.67294 -1.09603 -1.65144 -1.12816 -1.62932 -1.15988 
-1.67294 -1.09603 -1.66227 -1.11214 -1.65144 -1.12816 
-1.65144 -1.12816 -1.64046 -1.14407 -1.62932 -1.15988 
-1.62932 -1.15988 -1.60659 -1.19116 -1.58327 -1.22199 
-1.62932 -1.15988 -1.61803 -1.17557 -1.60659 -1.19116 
-1.60659 -1.19116 -1.59501 -1.20663 -1.58327 -1.22199 
-1.58327 -1.22199 -1.53485 -1.28228 -1.48413 -1.34065 
-1.58327 -1.22199 -1.55935 -1.25237 -1.53485 -1.28228 
-1.58327 -1.22199 -1.57138 -1.23724 -1.55935 -1.25237 
-1.55935 -1.25237 -1.54717 -1.26738 -1.53485 -1.28228 
-1.53485 -1.28228 -1.50977 -1.31171 -1.48413 -1.34065 
-1.53485 -1.28228 -1.52238 -1.29706 -1.50977 -1.31171 
-1.50977 -1.31171 -1.49702 -1.32625 -1.48413 -1.34065 
-1.48413 -1.34065 -1.37612 -1.4513 -1.25989 -1.55328 
-1.48413 -1.34065 -1.4312 -1.39702 -1.37612 -1.4513 
-1.48413 -1.34065 -1.45794 -1.36909 -1.4312 -1.39702 
-1.48413 -1.34065 -1.4711 -1.35494 -1.45794 -1.36909 
-1.45794 -1.36909 -1.44464 -1.38312 -1.4312 -1.39702 
-1.4312 -1.39702 -1.40392 -1.42443 -1.37612 -1.4513 
-1.4312 -1.39702 -1.41763 -1.41079 -1.40392 -1.42443 
-1.40392 -1.42443 -1.39009 -1.43793 -1.37612 -1.4513 
-1.37612 -1.4513 -1.31899 -1.50341 -1.25989 -1.55328 
-1.37612 -1.4513 -1.34781 -1.47763 -1.31899 -1.50341 
-1.37612 -1.4513 -1.36203 -1.46454 -1.34781 -1.47763 
-1.34781 -1.47763 -1.33347 -1.49059 -1.31899 -1.50341 
-1.31899 -1.50341 -1.28968 -1.52863 -1.25989 -1.55328 
-1.31899 -1.50341 -1.3044 -1.51609 -1.28968 -1.52863 
-1.28968 -1.52863 -1.27485 -1.54103 -1.25989 -1.55328 
-1.25989 -1.55328 -1.00558 -1.72882 -0.727253 -1.86309 
-1.25989 -1.55328 -1.13613 -1.64597 -1.00558 -1.72882 
-1.25989 -1.55328 -1.19891 -1.60082 -1.13613 -1.64597 
-1.25989 -1.55328 -1.22963 -1.57734 -1.19891 -1.60082 
-1.25989 -1.55328 -1.24482 -1.56538 -1.22963 -1.57734 
-1.22963 -1.57734 -1.21433 -1.58916 -1.19891 -1.60082 
-1.19891 -1.60082 -1.16774 -1.6237 -1.13613 -1.64597 
-1.19891 -1.60082 -1.18338 -1.61233 -1.16774 -1.6237 
-1.16774 -1.6237 -1.15199 -1.63491 -1.13613 -1.64597 
-1.13613 -1.64597 -1.07165 -1.68866 -1.00558 -1.72882 
-1.13613 -1.64597 -1.1041 -1.66762 -1.07165 -1.68866 
-1.13613 -1.64597 -1.12017 -1.65687 -1.1041 -1.66762 
-1.1041 -1.66762 -1.08793 -1.67822 -1.07165 -1.68866 
-1.07165 -1.68866 -1.03881 -1.70906 -1.00558 -1.72882 
-1.07165 -1.68866 -1.05528 -1.69894 -1.03881 -1.70906 
-1.03881 -1.70906 -1.02224 -1.71902 -1.00558 -1.72882 
-1.00558 -1.72882 -0.869011 -1.80134 -0.727253 -1.86309 
-1.00558 -1.72882 -0.937995 -1.7664 -0.869011 -1.80134 
-1.00558 -1.72882 -0.971967 -1.74794 -0.937995 -1.7664 
-1.00558 -1.72882 -0.988817 -1.73846 -0.971967 -1.74794 
-0.971967 -1.74794 -0.955025 -1.75725 -0.937995 -1.7664 
-0.937995 -1.7664 -0.903672 -1.7842 -0.869011 -1.80134 
-0.937995 -1.7664 -0.920876 -1.77538 -0.903672 -1.7842 
-0.903672 -1.7842 -0.886383 -1.79285 -0.869011 -1.80134 
-0.869011 -1.80134 -0.798729 -1.83358 -0.727253 -1.86309 
-0.869011 -1.80134 -0.834026 -1.8178 -0.798729 -1.83358 
-0.869011 -1.80134 -0.851559 -1.80965 -0.834026 -1.8178 
-0.834026 -1.8178 -0.816416 -1.82578 -0.798729 -1.83358 
-0.798729 -1.83358 -0.763134 -1.84868 -0.727253 -1.86309 
-0.798729 -1.83358 -0.780968 -1.84122 -0.763134 -1.84868 
-0.763134 -1.84868 -0.745228 -1.85597 -0.727253 -1.86309 
-0.727253 -1.86309 0.488011 -1.93955 1.52238 -1.29706 
-0.727253 -1.86309 -0.125581 -1.99605 0.488011 -1.93955 
-0.727253 -1.86309 -0.431568 -1.95288 -0.125581 -1.99605 
-0.727253 -1.86309 -0.581147 -1.91371 -0.431568 -1.95288 
-0.727253 -1.86309 -0.65469 -1.88981 -0.581147 -1.91371 
-0.727253 -1.86309 -0.6911 -1.8768 -0.65469 -1.88981 
-0.727253 -1.86309 -0.70921 -1.87003 -0.6911 -1.8768 
-0.6911 -1.8768 -0.672926 -1.88339 -0.65469 -1.88981 
-0.65469 -1.88981 -0.618034 -1.90211 -0.581147 -1.91371 
-0.65469 -1.88981 -0.636391 -1.89605 -0.618034 -1.90211 
-0.618034 -1.90211 -0.599619 -1.908 -0.581147 -1.91371 
-0.581147 -1.91371 -0.506737 -1.93474 -0.431568 -1.95288 
-0.581147 -1.91371 -0.544044 -1.92458 -0.506737 -1.93474 
-0.581147 -1.91371 -0.562622 -1.91923 -0.544044 -1.92458 
-0.544044 -1.92458 -0.525415 -1.92975 -0.506737 -1.93474 
-0.506737 -1.93474 -0.46924 -1.94417 -0.431568 -1.95288 
-0.506737 -1.93474 -0.488011 -1.93955 -0.46924 -1.94417 
-0.46924 -1.94417 -0.450425 -1.94862 -0.431568 -1.95288 
-0.431568 -1.95288 -0.27941 -1.98039 -0.125581 -1.99605 
-0.431568 -1.95288 -0.355755 -1.96811 -0.27941 -1.98039 
-0.431568 -1.95288 -0.393735 -1.96086 -0.355755 -1.96811 
-0.431568 -1.95288 -0.412671 -1.95696 -0.393735 -1.96086 
-0.393735 -1.96086 -0.374763 -1.96457 -0.355755 -1.96811 
-0.355755 -1.96811 -0.317642 -1.97461 -0.27941 -1.98039 
-0.355755 -1.96811 -0.336714 -1.97145 -0.317642 -1.97461 
-0.317642 -1.97461 -0.29854 -1.97759 -0.27941 -1.98039 
-0.27941 -1.98039 -0.202647 -1.98971 -0.125581 -1.99605 
-0.27941 -1.98039 -0.241073 -1.98542 -0.202647 -1.98971 
-0.27941 -1.98039 -0.260254 -1.98299 -0.241073 -1.98542 
-0.241073 -1.98542 -0.22187 -1.98766 -0.202647 -1.98971 
-0.202647 -1.98971 -0.164145 -1.99325 -0.125581 -1.99605 
-0.202647 -1.98971 -0.183404 -1.99157 -0.164145 -1.99325 
-0.164145 -1.99325 -0.14487 -1.99475 -0.125581 -1.99605 
-0.125581 -1.99605 0.183404 -1.99157 0.488011 -1.93955 
-0.125581 -1.99605 0.0289983 -1.99979 0.183404 -1.99157 
-0.125581 -1.99605 -0.0483275 -1.99942 0.0289983 -1.99979 
-0.125581 -1.99605 -0.0869705 -1.99811 -0.0483275 -1.99942 
-0.125581 -1.99605 -0.106281 -1.99717 -0.0869705 -1.99811 
-0.0869705 -1.99811 -0.0676522 -1.99886 -0.0483275 -1.99942 
-0.0483275 -1.99942 -0.0096664 -1.99998 0.0289983 -1.99979 
-0.0483275 -1.99942 -0.0289983 -1.99979 -0.0096664 -1.99998 
-0.0096664 -1.99998 0.0096664 -1.99998 0.0289983 -1.99979 
0.0289983 -1.99979 0.106281 -1.99717 0.183404 -1.99157 
0.0289983 -1.99979 0.0676522 -1.99886 0.106281 -1.99717 
0.0289983 -1.99979 0.0483275 -1.99942 0.0676522 -1.99886 
0.0676522 -1.99886 0.0869705 -1.99811 0.106281 -1.99717 
0.106281 -1.99717 0.14487 -1.99475 0.183404 -1.99157 
0.106281 -1.99717 0.125581 -1.99605 0.14487 -1.99475 
0.14487 -1.99475 0.164145 -1.99325 0.183404 -1.99157 
0.183404 -1.99157 0.336714 -1.97145 0.488011 -1.93955 
0.183404 -1.99157 0.260254 -1.98299 0.336714 -1.97145 
0.183404 -1.99157 0.22187 -1.98766 0.260254 -1.98299 
0.183404 -1.99157 0.202647 -1.98971 0.22187 -1.98766 
0.22187 -1.98766 0.241073 -1.98542 0.260254 -1.98299 
0.260254 -1.98299 0.29854 -1.97759 0.336714 -1.97145 
0.260254 -1.98299 0.27941 -1.98039 0.29854 -1.97759 
0.29854 -1.97759 0.317642 -1.97461 0.336714 -1.97145 
0.336714 -1.97145 0.412671 -1.95696 0.488011 -1.93955 
0.336714 -1.97145 0.374763 -1.96457 0.412671 -1.95696 
0.336714 -1.97145 0.355755 -1.96811 0.374763 -1.96457 
0.374763 -1.96457 0.393735 -1.96086 0.412671 -1.95696 
0.412671 -1.95696 0.450425 -1.94862 0.488011 -1.93955 
0.412671 -1.95696 0.431568 -1.95288 0.450425 -1.94862 
0.450425 -1.94862 0.46924 -1.94417 0.488011 -1.93955 
0.488011 -1.93955 1.05528 -1.69894 1.52238 -1.29706 
0.488011 -1.93955 0.780968 -1.84122 1.05528 -1.69894 
0.488011 -1.93955 0.636391 -1.89605 0.780968 -1.84122 
0.488011 -1.93955 0.562622 -1.91923 0.636391 -1.89605 
0.488011 -1.93955 0.525415 -1.92975 0.562622 -1.91923 
0.488011 -1.93955 0.506737 -1.93474 0.525415 -1.92975 
0.525415 -1.92975 0.544044 -1.92458 0.562622 -1.91923 
0.562622 -1.91923 0.599619 -1.908 0.636391 -1.89605 
0.562622 -1.91923 0.581147 -1.91371 0.599619 -1.908 
0.599619 -1.908 0.618034 -1.90211 0.636391 -1.89605 
0.636391 -1.89605 0.70921 -1.87003 0.780968 -1.84122 
0.636391 -1.89605 0.672926 -1.88339 0.70921 -1.87003 
0.636391 -1.89605 0.65469 -1.88981 0.672926 -1.88339 
0.672926 -1.88339 0.6911 -1.8768 0.70921 -1.87003 
0.70921 -1.87003 0.745228 -1.85597 0.780968 -1.84122 
0.70921 -1.87003 0.727253 -1.86309 0.745228 -1.85597 
0.745228 -1.85597 0.763134 -1.84868 0.780968 -1.84122 
0.780968 -1.84122 0.920876 -1.77538 1.05528 -1.69894 
0.780968 -1.84122 0.851559 -1.80965 0.920876 -1.77538 
0.780968 -1.84122 0.816416 -1.82578 0.851559 -1.80965 
0.780968 -1.84122 0.798729 -1.83358 0.816416 -1.82578 
0.816416 -1.82578 0.834026 -1.8178 0.851559 -1.80965 
0.851559 -1.80965 0.886383 -1.79285 0.920876 -1.77538 
0.851559 -1.80965 0.869011 -1.80134 0.886383 -1.79285 
0.886383 -1.79285 0.903672 -1.7842 0.920876 -1.77538 
0.920876 -1.77538 0.988817 -1.73846 1.05528 -1.69894 
0.920876 -1.77538 0.955025 -1.75725 0.988817 -1.73846 
0.920876 -1.77538 0.937995 -1.7664 0.955025 -1.75725 
0.955025 -1.75725 0.971967 -1.74794 0.988817 -1.73846 
0.988817 -1.73846 1.02224 -1.71902 1.05528 -1.69894 
0.988817 -1.73846 1.00558 -1.72882 1.02224 -1.71902 
1.02224 -1.71902 1.03881 -1.70906 1.05528 -1.69894 
1.05528 -1.69894 1.3044 -1.51609 1.52238 -1.29706 
1.05528 -1.69894 1.18338 -1.61233 1.3044 -1.51609 
1.05528 -1.69894 1.12017 -1.65687 1.18338 -1.61233 
1.05528 -1.69894 1.08793 -1.67822 1.12017 -1.65687 
1.05528 -1.69894 1.07165 -1.68866 1.08793 -1.67822 
1.08793 -1.67822 1.1041 -1.66762 1.12017 -1.65687 
1.12017 -1.65687 1.15199 -1.63491 1.18338 -1.61233 
1.12017 -1.65687 1.13613 -1.64597 1.15199 -1.63491 
1.15199 -1.63491 1.16774 -1.6237 1.18338 -1.61233 
1.18338 -1.61233 1.24482 -1.56538 1.3044 -1.51609 
1.18338 -1.61233 1.21433 -1.58916 1.24482 -1.56538 
1.18338 -1.61233 1.19891 -1.60082 1.21433 -1.58916 
1.21433 -1.58916 1.22963 -1.57734 1.24482 -1.56538 
1.24482 -1.56538 1.27485 -1.54103 1.3044 -1.51609 
1.24482 -1.56538 1.25989 -1.55328 1.27485 -1.54103 
1.27485 -1.54103 1.28968 -1.52863 1.3044 -1.51609 
1.3044 -1.51609 1.41763 -1.41079 1.52238 -1.29706 
1.3044 -1.51609 1.36203 -1.46454 1.41763 -1.41079 
1.3044 -1.51609 1.33347 -1.49059 1.36203 -1.46454 
1.3044 -1.51609 1.31899 -1.50341 1.33347 -1.49059 
1.33347 -1.49059 1.34781 -1.47763 1.36203 -1.46454 
1.36203 -1.46454 1.39009 -1.43793 1.41763 -1.41079 
1.36203 -1.46454 1.37612 -1.4513 1.39009 -1.43793 
1.39009 -1.43793 1.40392 -1.42443 1.41763 -1.41079 
1.41763 -1.41079 1.4711 -1.35494 1.52238 -1.29706 
1.41763 -1.41079 1.44464 -1.38312 1.4711 -1.35494 
1.41763 -1.41079 1.4312 -1.39702 1.44464 -1.38312 
1.44464 -1.38312 1.45794 -1.36909 1.4711 -1.35494 
1.4711 -1.35494 1.49702 -1.32625 1.52238 -1.29706 
1.4711 -1.35494 1.48413 -1.34065 1.49702 -1.32625 
1.49702 -1.32625 1.50977 -1.31171 1.52238 -1.29706 
1.52238 -1.29706 1.84497 -0.77206 1.99244 -0.173776 
1.52238 -1.29706 1.70402 -1.04706 1.84497 -0.77206 
1.52238 -1.29706 1.61803 -1.17557 1.70402 -1.04706 
1.52238 -1.29706 1.57138 -1.23724 1.61803 -1.17557 
1.52238 -1.29706 1.54717 -1.26738 1.57138 -1.23724 
1.52238 -1.29706 1.53485 -1.28228 1.54717 -1.26738 
1.54717 -1.26738 1.55935 -1.25237 1.57138 -1.23724 
1.57138 -1.23724 1.59501 -1.20663 1.61803 -1.17557 
1.57138 -1.23724 1.58327 -1.22199 1.59501 -1.20663 
1.59501 -1.20663 1.60659 -1.19116 1.61803 -1.17557 
1.61803 -1.17557 1.66227 -1.11214 1.70402 -1.04706 
1.61803 -1.17557 1.64046 -1.14407 1.66227 -1.11214 
1.61803 -1.17557 1.62932 -1.15988 1.64046 -1.14407 
1.64046 -1.14407 1.65144 -1.12816 1.66227 -1.11214 
1.66227 -1.11214 1.68346 -1.0798 1.70402 -1.04706 
1.66227 -1.11214 1.67294 -1.09603 1.68346 -1.0798 
1.68346 -1.0798 1.69382 -1.06348 1.70402 -1.04706 
1.70402 -1.04706 1.77981 -0.912285 1.84497 -0.77206 
1.70402 -1.04706 1.74322 -0.980404 1.77981 -0.912285 
1.70402 -1.04706 1.72394 -1.01392 1.74322 -0.980404 
1.70402 -1.04706 1.71406 -1.03054 1.72394 -1.01392 
1.72394 -1.01392 1.73366 -0.997208 1.74322 -0.980404 
1.74322 -0.980404 1.76185 -0.946521 1.77981 -0.912285 
1.74322 -0.980404 1.75261 -0.963507 1.76185 -0.946521 
1.76185 -0.946521 1.77091 -0.929446 1.77981 -0.912285 
1.77981 -0.912285 1.81375 -0.842802 1.84497 -0.77206 
1.77981 -0.912285 1.79712 -0.877708 1.81375 -0.842802 
1.77981 -0.912285 1.78855 -0.895038 1.79712 -0.877708 
1.79712 -0.877708 1.80552 -0.860295 1.81375 -0.842802 
1.81375 -0.842802 1.8297 -0.807582 1.84497 -0.77206 
1.81375 -0.842802 1.82181 -0.825231 1.8297 -0.807582 
1.8297 -0.807582 1.83742 -0.789858 1.84497 -0.77206 
1.84497 -0.77206 1.94188 -0.478631 1.99244 -0.173776 
1.84497 -0.77206 1.8991 -0.62722 1.94188 -0.478631 
1.84497 -0.77206 1.87344 -0.700163 1.8991 -0.62722 
1.84497 -0.77206 1.85955 -0.736249 1.87344 -0.700163 
1.84497 -0.77206 1.85235 -0.75419 1.85955 -0.736249 
1.85955 -0.736249 1.86658 -0.71824 1.87344 -0.700163 
1.87344 -0.700163 1.88662 -0.663816 1.8991 -0.62722 
1.87344 -0.700163 1.88012 -0.682021 1.88662 -0.663816 
1.88662 -0.663816 1.89295 -0.645548 1.8991 -0.62722 
1.8991 -0.62722 1.92193 -0.553339 1.94188 -0.478631 
1.8991 -0.62722 1.91087 -0.59039 1.92193 -0.553339 
1.8991 -0.62722 1.90508 -0.608833 1.91087 -0.59039 
1.91087 -0.59039 1.91649 -0.571891 1.92193 -0.553339 
1.92193 -0.553339 1.93227 -0.516082 1.94188 -0.478631 
1.92193 -0.553339 1.92719 -0.534735 1.93227 -0.516082 
1.93227 -0.516082 1.93717 -0.49738 1.94188 -0.478631 
1.94188 -0.478631 1.97306 -0.327182 1.99244 -0.173776 
1.94188 -0.478631 1.95893 -0.403208 1.97306 -0.327182 
1.94188 -0.478631 1.95077 -0.441002 1.95893 -0.403208 
1.94188 -0.478631 1.94642 -0.459838 1.95077 -0.441002 
1.95077 -0.441002 1.95495 -0.422125 1.95893 -0.403208 
1.95893 -0.403208 1.96636 -0.365263 1.97306 -0.327182 
1.95893 -0.403208 1.96274 -0.384253 1.96636 -0.365263 
1.96636 -0.365263 1.9698 -0.346239 1.97306 -0.327182 
1.97306 -0.327182 1.98423 -0.250666 1.99244 -0.173776 
1.97306 -0.327182 1.97901 -0.288978 1.98423 -0.250666 
1.97306 -0.327182 1.97613 -0.308094 1.97901 -0.288978 
1.97901 -0.288978 1.98171 -0.269835 1.98423 -0.250666 
1.98423 -0.250666 1.9887 -0.212261 1.99244 -0.173776 
1.98423 -0.250666 1.98656 -0.231475 1.9887 -0.212261 
1.9887 -0.212261 1.99066 -0.193028 1.99244 -0.173776 
1.99244 -0.173776 1.99766 -0.0966268 1.99991 -0.0193326 
1.99244 -0.173776 1.99542 -0.135227 1.99766 -0.0966268 
1.99244 -0.173776 1.99402 -0.154509 1.99542 -0.135227 
1.99542 -0.135227 1.99664 -0.115932 1.99766 -0.0966268 
1.99766 -0.0966268 1.99916 -0.0579905 1.99991 -0.0193326 
1.99766 -0.0966268 1.99851 -0.0773122 1.99916 -0.0579905 
1.99916 -0.0579905 1.99963 -0.0386633 1.99991 -0.0193326 
