1.41842
11
2 0 1.13613 1.64597 1.77091 -0.929446 
2 0 1.77091 0.929446 1.13613 1.64597 
1.13613 1.64597 0.241073 -1.98542 1.77091 -0.929446 
1.13613 1.64597 -1.94188 0.478631 0.241073 -1.98542 
1.13613 1.64597 -0.70921 1.87003 -1.94188 0.478631 
1.13613 1.64597 0.241073 1.98542 -0.70921 1.87003 
-0.70921 1.87003 -1.49702 1.32625 -1.94188 0.478631 
-1.94188 0.478631 -1.49702 -1.32625 0.241073 -1.98542 
-1.94188 0.478631 -1.94188 -0.478631 -1.49702 -1.32625 
-1.49702 -1.32625 -0.70921 -1.87003 0.241073 -1.98542 
0.241073 -1.98542 1.13613 -1.64597 1.77091 -0.929446 
