1.45952
17
2 0 1.89163 0.649399 1.89163 -0.649399 
1.89163 0.649399 1.57828 1.22843 1.89163 -0.649399 
1.57828 1.22843 -0.803391 1.83155 1.89163 -0.649399 
1.57828 1.22843 0.490971 1.9388 -0.803391 1.83155 
1.57828 1.22843 1.0939 1.67433 0.490971 1.9388 
0.490971 1.9388 -0.165159 1.99317 -0.803391 1.83155 
-0.803391 1.83155 -1.97272 -0.329189 1.89163 -0.649399 
-0.803391 1.83155 -1.75895 0.951895 -1.97272 -0.329189 
-0.803391 1.83155 -1.35456 1.47145 -1.75895 0.951895 
-1.75895 0.951895 -1.97272 0.329189 -1.97272 -0.329189 
-1.97272 -0.329189 -0.165159 -1.99317 1.89163 -0.649399 
-1.97272 -0.329189 -1.35456 -1.47145 -0.165159 -1.99317 
-1.97272 -0.329189 -1.75895 -0.951895 -1.35456 -1.47145 
-1.35456 -1.47145 -0.803391 -1.83155 -0.165159 -1.99317 
-0.165159 -1.99317 1.0939 -1.67433 1.89163 -0.649399 
-0.165159 -1.99317 0.490971 -1.9388 1.0939 -1.67433 
1.0939 -1.67433 1.57828 -1.22843 1.89163 -0.649399 
