1.40844
15
2 0 1.86494 0.722483 1.86494 -0.722483 
1.86494 0.722483 0.891477 1.79033 1.86494 -0.722483 
1.86494 0.722483 1.47802 1.34739 0.891477 1.79033 
0.891477 1.79033 -1.96595 0.367499 1.86494 -0.722483 
0.891477 1.79033 -0.547326 1.92365 -1.96595 0.367499 
0.891477 1.79033 0.184537 1.99147 -0.547326 1.92365 
-0.547326 1.92365 -1.20527 1.59603 -1.96595 0.367499 
-1.20527 1.59603 -1.70043 1.05286 -1.96595 0.367499 
-1.96595 0.367499 -0.547326 -1.92365 1.86494 -0.722483 
-1.96595 0.367499 -1.70043 -1.05286 -0.547326 -1.92365 
-1.96595 0.367499 -1.96595 -0.367499 -1.70043 -1.05286 
-1.70043 -1.05286 -1.20527 -1.59603 -0.547326 -1.92365 
-0.547326 -1.92365 0.891477 -1.79033 1.86494 -0.722483 
-0.547326 -1.92365 0.184537 -1.99147 0.891477 -1.79033 
0.891477 -1.79033 1.47802 -1.34739 1.86494 -0.722483 
