1.41811
13
2 0 1.33826 1.48629 1.82709 -0.813473 
2 0 1.82709 0.813473 1.33826 1.48629 
1.33826 1.48629 -1.61803 1.17557 1.82709 -0.813473 
1.33826 1.48629 -0.209057 1.98904 -1.61803 1.17557 
1.33826 1.48629 0.618034 1.90211 -0.209057 1.98904 
-0.209057 1.98904 -1 1.73205 -1.61803 1.17557 
-1.61803 1.17557 -1 -1.73205 1.82709 -0.813473 
-1.61803 1.17557 -1.9563 -0.415823 -1 -1.73205 
-1.61803 1.17557 -1.9563 0.415823 -1.9563 -0.415823 
-1.9563 -0.415823 -1.61803 -1.17557 -1 -1.73205 
-1 -1.73205 0.618034 -1.90211 1.82709 -0.813473 
-1 -1.73205 -0.209057 -1.98904 0.618034 -1.90211 
0.618034 -1.90211 1.33826 -1.48629 1.82709 -0.813473 
