1.50048
16
2 0 1.87939 0.68404 1.87939 -0.68404 
1.87939 0.68404 1 1.73205 1.87939 -0.68404 
1.87939 0.68404 1.53209 1.28558 1 1.73205 
1 1.73205 -1.53209 1.28558 1.87939 -0.68404 
1 1.73205 -0.347296 1.96962 -1.53209 1.28558 
1 1.73205 0.347296 1.96962 -0.347296 1.96962 
-0.347296 1.96962 -1 1.73205 -1.53209 1.28558 
-1.53209 1.28558 -1.53209 -1.28558 1.87939 -0.68404 
-1.53209 1.28558 -2 2.44929e-16 -1.53209 -1.28558 
-1.53209 1.28558 -1.87939 0.68404 -2 2.44929e-16 
-2 2.44929e-16 -1.87939 -0.68404 -1.53209 -1.28558 
-1.53209 -1.28558 -0.347296 -1.96962 1.87939 -0.68404 
-1.53209 -1.28558 -1 -1.73205 -0.347296 -1.96962 
-0.347296 -1.96962 1 -1.73205 1.87939 -0.68404 
-0.347296 -1.96962 0.347296 -1.96962 1 -1.73205 
1 -1.73205 1.53209 -1.28558 1.87939 -0.68404 
